1 1 1 1 1 1 1.00000000000000000000 0
1 1 2 2 1 2 1.00000000000000000000 0
1 1 3 3 1 3 1.00000000000000000000 0
1 1 4 4 1 4 1.00000000000000000000 0
1 2 1 2 2 2 1.00000000000000000000 0
1 2 2 1 2 1 1.00000000000000000000 0
1 2 3 3 2 3 1.00000000000000000000 0
1 2 4 4 2 4 1.00000000000000000000 0
1 3 1 3 3 3 1.00000000000000000000 0
1 3 2 3 3 3 1.00000000000000000000 0
1 3 3 1 3 1 1.00000000000000000000 0
1 3 3 2 3 2 1.00000000000000000000 0
1 3 3 4 3 4 1.00000000000000000000 0
1 3 4 3 3 3 1.00000000000000000000 0
1 3 4 4 3 4 1.00000000000000000000 0
1 4 1 4 4 4 1.00000000000000000000 0
1 4 2 4 4 4 1.00000000000000000000 0
1 4 3 3 4 3 1.00000000000000000000 0
1 4 3 4 4 4 1.00000000000000000000 0
1 4 4 1 4 1 1.00000000000000000000 0
1 4 4 2 4 2 1.00000000000000000000 0
1 4 4 3 4 3 1.00000000000000000000 0
2 1 1 2 2 1 1.00000000000000000000 0
2 1 2 1 2 2 1.00000000000000000000 0
2 1 3 3 2 3 1.00000000000000000000 0
2 1 4 4 2 4 1.00000000000000000000 0
2 2 1 1 1 2 1.00000000000000000000 0
2 2 2 2 1 1 1.00000000000000000000 0
2 2 3 3 1 3 1.00000000000000000000 0
2 2 4 4 1 4 1.00000000000000000000 0
2 3 1 3 3 3 1.00000000000000000000 0
2 3 2 3 3 3 1.00000000000000000000 0
2 3 3 1 3 2 1.00000000000000000000 0
2 3 3 2 3 1 1.00000000000000000000 0
2 3 3 4 3 4 1.00000000000000000000 0
2 3 4 3 3 3 -1.00000000000000000000 0
2 3 4 4 3 4 -1.00000000000000000000 0
2 4 1 4 4 4 1.00000000000000000000 0
2 4 2 4 4 4 1.00000000000000000000 0
2 4 3 3 4 3 1.00000000000000000000 0
2 4 3 4 4 4 -1.00000000000000000000 0
2 4 4 1 4 2 1.00000000000000000000 0
2 4 4 2 4 1 1.00000000000000000000 0
2 4 4 3 4 3 -1.00000000000000000000 0
3 1 1 3 3 1 1.00000000000000000000 0
3 1 2 3 3 2 1.00000000000000000000 0
3 1 3 1 3 3 1.00000000000000000000 0
3 1 3 2 3 3 1.00000000000000000000 0
3 1 3 4 3 3 1.00000000000000000000 0
3 1 4 3 3 4 1.00000000000000000000 0
3 1 4 4 3 4 1.00000000000000000000 0
3 2 1 3 3 2 1.00000000000000000000 0
3 2 2 3 3 1 1.00000000000000000000 0
3 2 3 1 3 3 1.00000000000000000000 0
3 2 3 2 3 3 1.00000000000000000000 0
3 2 3 4 3 3 -1.00000000000000000000 0
3 2 4 3 3 4 1.00000000000000000000 0
3 2 4 4 3 4 -1.00000000000000000000 0
3 3 1 1 1 3 1.00000000000000000000 0
3 3 1 2 2 3 1.00000000000000000000 0
3 3 1 4 4 3 1.00000000000000000000 0
3 3 2 1 2 3 1.00000000000000000000 0
3 3 2 2 1 3 1.00000000000000000000 0
3 3 2 4 4 3 1.00000000000000000000 0
3 3 3 3 1 1 0.50000000000000000000 0
3 3 3 3 1 2 0.50000000000000000000 0
3 3 3 3 1 4 0.70710678118654752440 0
3 3 3 3 2 1 0.50000000000000000000 0
3 3 3 3 2 2 0.50000000000000000000 0
3 3 3 3 2 4 -0.70710678118654752440 0
3 3 3 3 4 1 0.70710678118654752440 0
3 3 3 3 4 2 -0.70710678118654752440 0
3 3 3 3 4 4 0. 0
3 3 3 4 4 4 1.00000000000000000000 0
3 3 4 1 4 3 1.00000000000000000000 0
3 3 4 2 4 3 1.00000000000000000000 0
3 3 4 3 4 4 1.00000000000000000000 0
3 3 4 4 1 3 0.70710678118654752440 0
3 3 4 4 1 4 0.70710678118654752440 0
3 3 4 4 2 3 0.70710678118654752440 0
3 3 4 4 2 4 -0.70710678118654752440 0
3 4 1 3 3 4 1.00000000000000000000 0
3 4 1 4 4 4 1.00000000000000000000 0
3 4 2 3 3 4 1.00000000000000000000 0
3 4 2 4 4 4 -1.00000000000000000000 0
3 4 3 1 3 3 1.00000000000000000000 0
3 4 3 2 3 3 -1.00000000000000000000 0
3 4 3 3 4 4 -0.80901699437494742410 -0.58778525229247312916
3 4 3 4 3 3 0. 0
3 4 3 4 3 4 1.00000000000000000000 0
3 4 3 4 4 3 -0.80901699437494742410 0.58778525229247312916
3 4 3 4 4 4 0. 0
3 4 4 1 4 3 0.30901699437494742410 0.95105651629515357211
3 4 4 2 4 3 -0.30901699437494742410 -0.95105651629515357211
3 4 4 3 3 1 0.70710678118654752440 0
3 4 4 3 3 2 0.70710678118654752440 0
3 4 4 3 4 1 0.21850801222441053539 -0.67249851196395732696
3 4 4 3 4 2 -0.21850801222441053539 0.67249851196395732696
3 4 4 4 3 3 1.00000000000000000000 0
4 1 1 4 4 1 1.00000000000000000000 0
4 1 2 4 4 2 1.00000000000000000000 0
4 1 3 3 4 3 1.00000000000000000000 0
4 1 3 4 4 3 1.00000000000000000000 0
4 1 4 1 4 4 1.00000000000000000000 0
4 1 4 2 4 4 1.00000000000000000000 0
4 1 4 3 4 4 1.00000000000000000000 0
4 2 1 4 4 2 1.00000000000000000000 0
4 2 2 4 4 1 1.00000000000000000000 0
4 2 3 3 4 3 1.00000000000000000000 0
4 2 3 4 4 3 -1.00000000000000000000 0
4 2 4 1 4 4 1.00000000000000000000 0
4 2 4 2 4 4 1.00000000000000000000 0
4 2 4 3 4 4 -1.00000000000000000000 0
4 3 1 3 3 3 1.00000000000000000000 0
4 3 1 4 4 3 1.00000000000000000000 0
4 3 2 3 3 3 -1.00000000000000000000 0
4 3 2 4 4 3 -1.00000000000000000000 0
4 3 3 1 3 4 1.00000000000000000000 0
4 3 3 2 3 4 1.00000000000000000000 0
4 3 3 3 4 4 -0.80901699437494742410 -0.58778525229247312916
4 3 3 4 3 1 0.70710678118654752440 0
4 3 3 4 3 2 0.70710678118654752440 0
4 3 3 4 4 1 -0.57206140281768429760 0.41562693777745342858
4 3 3 4 4 2 0.57206140281768429760 -0.41562693777745342858
4 3 4 1 4 4 0.30901699437494742410 0.95105651629515357211
4 3 4 2 4 4 -0.30901699437494742410 -0.95105651629515357211
4 3 4 3 3 3 0. 0
4 3 4 3 3 4 1.00000000000000000000 0
4 3 4 3 4 3 0.30901699437494742410 -0.95105651629515357211
4 3 4 3 4 4 0. 0
4 3 4 4 3 3 1.00000000000000000000 0
4 4 1 1 1 4 1.00000000000000000000 0
4 4 1 2 2 4 1.00000000000000000000 0
4 4 1 3 3 4 1.00000000000000000000 0
4 4 2 1 2 4 1.00000000000000000000 0
4 4 2 2 1 4 1.00000000000000000000 0
4 4 2 3 3 4 -1.00000000000000000000 0
4 4 3 1 3 4 -0.80901699437494742410 -0.58778525229247312916
4 4 3 2 3 4 0.80901699437494742410 0.58778525229247312916
4 4 3 3 1 3 0.70710678118654752440 0
4 4 3 3 1 4 0.70710678118654752440 0
4 4 3 3 2 3 0.70710678118654752440 0
4 4 3 3 2 4 -0.70710678118654752440 0
4 4 3 4 3 3 -0.80901699437494742410 0.58778525229247312916
4 4 4 3 3 3 0.30901699437494742410 0.95105651629515357211
4 4 4 4 1 1 0.50000000000000000000 0
4 4 4 4 1 2 0.50000000000000000000 0
4 4 4 4 1 3 0.70710678118654752440 0
4 4 4 4 2 1 0.50000000000000000000 0
4 4 4 4 2 2 0.50000000000000000000 0
4 4 4 4 2 3 -0.70710678118654752440 0
4 4 4 4 3 1 0.21850801222441053539 -0.67249851196395732696
4 4 4 4 3 2 -0.21850801222441053539 0.67249851196395732696
4 4 4 4 3 3 0. 0