1 1 1 1 1 1 1.00000000000000000000 0
1 1 2 2 1 2 1.00000000000000000000 0
1 1 3 3 1 3 1.00000000000000000000 0
1 1 4 4 1 4 1.00000000000000000000 0
1 1 5 5 1 5 1.00000000000000000000 0
1 2 1 2 2 2 1.00000000000000000000 0
1 2 2 1 2 1 1.00000000000000000000 0
1 2 3 3 2 3 1.00000000000000000000 0
1 2 4 4 2 4 1.00000000000000000000 0
1 2 5 5 2 5 1.00000000000000000000 0
1 3 1 3 3 3 1.00000000000000000000 0
1 3 2 3 3 3 1.00000000000000000000 0
1 3 3 1 3 1 1.00000000000000000000 0
1 3 3 2 3 2 1.00000000000000000000 0
1 3 3 5 3 5 1.00000000000000000000 0
1 3 4 4 3 4 1.00000000000000000000 0
1 3 4 5 3 5 1.00000000000000000000 0
1 3 5 3 3 3 1.00000000000000000000 0
1 3 5 4 3 4 1.00000000000000000000 0
1 4 1 4 4 4 1.00000000000000000000 0
1 4 2 4 4 4 1.00000000000000000000 0
1 4 3 4 4 4 1.00000000000000000000 0
1 4 3 5 4 5 1.00000000000000000000 0
1 4 4 1 4 1 1.00000000000000000000 0
1 4 4 2 4 2 1.00000000000000000000 0
1 4 4 3 4 3 1.00000000000000000000 0
1 4 5 3 4 3 1.00000000000000000000 0
1 4 5 5 4 5 1.00000000000000000000 0
1 5 1 5 5 5 1.00000000000000000000 0
1 5 2 5 5 5 1.00000000000000000000 0
1 5 3 3 5 3 1.00000000000000000000 0
1 5 3 4 5 4 1.00000000000000000000 0
1 5 4 3 5 3 1.00000000000000000000 0
1 5 4 5 5 5 1.00000000000000000000 0
1 5 5 1 5 1 1.00000000000000000000 0
1 5 5 2 5 2 1.00000000000000000000 0
1 5 5 4 5 4 1.00000000000000000000 0
2 1 1 2 2 1 1.00000000000000000000 0
2 1 2 1 2 2 1.00000000000000000000 0
2 1 3 3 2 3 1.00000000000000000000 0
2 1 4 4 2 4 1.00000000000000000000 0
2 1 5 5 2 5 1.00000000000000000000 0
2 2 1 1 1 2 1.00000000000000000000 0
2 2 2 2 1 1 1.00000000000000000000 0
2 2 3 3 1 3 -0.22252093395631440428 -0.97492791218182360701
2 2 4 4 1 4 0.62348980185873353052 0.78183148246802980870
2 2 5 5 1 5 1.00000000000000000000 0
2 3 1 3 3 3 1.00000000000000000000 0
2 3 2 3 3 3 1.00000000000000000000 0
2 3 3 1 3 2 -0.62348980185873353052 -0.78183148246802980870
2 3 3 2 3 1 -0.62348980185873353052 -0.78183148246802980870
2 3 3 5 3 5 -0.62348980185873353052 -0.78183148246802980870
2 3 4 4 3 4 0.22252093395631440428 0.97492791218182360701
2 3 4 5 3 5 0.62348980185873353052 0.78183148246802980870
2 3 5 3 3 3 -1.00000000000000000000 0
2 3 5 4 3 4 -0.22252093395631440428 -0.97492791218182360701
2 4 1 4 4 4 1.00000000000000000000 0
2 4 2 4 4 4 1.00000000000000000000 0
2 4 3 4 4 4 -1.00000000000000000000 0
2 4 3 5 4 5 0.90096886790241912623 -0.43388373911755812047
2 4 4 1 4 2 0.90096886790241912623 -0.43388373911755812047
2 4 4 2 4 1 0.90096886790241912623 -0.43388373911755812047
2 4 4 3 4 3 0.22252093395631440428 -0.97492791218182360701
2 4 5 3 4 3 -0.22252093395631440428 0.97492791218182360701
2 4 5 5 4 5 -0.90096886790241912623 0.43388373911755812047
2 5 1 5 5 5 1.00000000000000000000 0
2 5 2 5 5 5 1.00000000000000000000 0
2 5 3 3 5 3 -0.62348980185873353052 0.78183148246802980870
2 5 3 4 5 4 0.90096886790241912623 0.43388373911755812047
2 5 4 3 5 3 0.62348980185873353052 -0.78183148246802980870
2 5 4 5 5 5 -1.00000000000000000000 0
2 5 5 1 5 2 -1.00000000000000000000 0
2 5 5 2 5 1 -1.00000000000000000000 0
2 5 5 4 5 4 -0.90096886790241912623 -0.43388373911755812047
3 1 1 3 3 1 1.00000000000000000000 0
3 1 2 3 3 2 1.00000000000000000000 0
3 1 3 1 3 3 1.00000000000000000000 0
3 1 3 2 3 3 1.00000000000000000000 0
3 1 3 5 3 3 1.00000000000000000000 0
3 1 4 4 3 4 1.00000000000000000000 0
3 1 4 5 3 4 1.00000000000000000000 0
3 1 5 3 3 5 1.00000000000000000000 0
3 1 5 4 3 5 1.00000000000000000000 0
3 2 1 3 3 2 1.00000000000000000000 0
3 2 2 3 3 1 -0.22252093395631440428 -0.97492791218182360701
3 2 3 1 3 3 -0.22252093395631440428 -0.97492791218182360701
3 2 3 2 3 3 -0.22252093395631440428 -0.97492791218182360701
3 2 3 5 3 3 0.22252093395631440428 0.97492791218182360701
3 2 4 4 3 4 0.90096886790241912623 -0.43388373911755812047
3 2 4 5 3 4 -0.90096886790241912623 0.43388373911755812047
3 2 5 3 3 5 -0.62348980185873353052 0.78183148246802980870
3 2 5 4 3 5 0.62348980185873353052 -0.78183148246802980870
3 3 1 1 1 3 1.00000000000000000000 0
3 3 1 2 2 3 1.00000000000000000000 0
3 3 1 5 5 3 1.00000000000000000000 0
3 3 2 1 2 3 -0.62348980185873353052 -0.78183148246802980870
3 3 2 2 1 3 -0.62348980185873353052 -0.78183148246802980870
3 3 2 5 5 3 -0.62348980185873353052 -0.78183148246802980870
3 3 3 3 1 1 0.50000000000000000000 0
3 3 3 3 1 2 -0.31174490092936676526 -0.39091574123401490435
3 3 3 3 1 5 -0.70710678118654752440 0
3 3 3 3 2 1 -0.31174490092936676526 -0.39091574123401490435
3 3 3 3 2 2 -0.11126046697815720214 0.48746395609091180350
3 3 3 3 2 5 -0.44087386689496736253 -0.55283834299827522100
3 3 3 3 5 1 -0.70710678118654752440 0
3 3 3 3 5 2 -0.44087386689496736253 -0.55283834299827522100
3 3 3 3 5 5 0. 0
3 3 3 4 5 5 0.62348980185873353052 -0.78183148246802980870
3 3 4 3 5 5 1.00000000000000000000 0
3 3 4 4 1 4 0.63708119613176732233 0.30680213417660024056
3 3 4 4 1 5 -0.70710678118654752440 0
3 3 4 4 2 4 -0.70710678118654752440 0
3 3 4 4 2 5 -0.63708119613176732233 0.30680213417660024056
3 3 4 5 5 4 -0.62348980185873353052 -0.78183148246802980870
3 3 5 1 5 3 -1.00000000000000000000 0
3 3 5 2 5 3 1.00000000000000000000 0
3 3 5 4 5 4 -0.62348980185873353052 0.78183148246802980870
3 3 5 5 1 3 -0.70710678118654752440 0
3 3 5 5 1 4 -0.70710678118654752440 0
3 3 5 5 2 3 -0.70710678118654752440 0
3 3 5 5 2 4 0.70710678118654752440 0
3 4 1 4 4 4 1.00000000000000000000 0
3 4 1 5 5 4 1.00000000000000000000 0
3 4 2 4 4 4 -1.00000000000000000000 0
3 4 2 5 5 4 0.90096886790241912623 -0.43388373911755812047
3 4 3 3 5 5 0.62348980185873353052 -0.78183148246802980870
3 4 3 4 4 4 0. 0
3 4 3 4 4 5 -0.90096886790241912623 -0.43388373911755812047
3 4 3 4 5 4 -0.90096886790241912623 -0.43388373911755812047
3 4 3 4 5 5 0. 0
3 4 3 5 4 4 0.62348980185873353052 -0.78183148246802980870
3 4 4 1 4 3 -0.22252093395631440428 -0.97492791218182360701
3 4 4 2 4 3 0.22252093395631440428 0.97492791218182360701
3 4 4 3 4 1 0.15734606135647380239 0.68937813787181036595
3 4 4 3 4 2 -0.44087386689496736253 0.55283834299827522100
3 4 4 3 5 1 -0.44087386689496736253 0.55283834299827522100
3 4 4 3 5 2 0.70710678118654752440 0
3 4 4 5 5 3 -1.00000000000000000000 0
3 4 5 1 5 3 -0.62348980185873353052 0.78183148246802980870
3 4 5 2 5 3 -0.62348980185873353052 0.78183148246802980870
3 4 5 3 4 5 -0.62348980185873353052 0.78183148246802980870
3 4 5 4 5 5 -0.90096886790241912623 0.43388373911755812047
3 4 5 5 4 3 0.90096886790241912623 0.43388373911755812047
3 5 1 3 3 5 1.00000000000000000000 0
3 5 1 4 4 5 1.00000000000000000000 0
3 5 2 3 3 5 -0.62348980185873353052 0.78183148246802980870
3 5 2 4 4 5 0.90096886790241912623 0.43388373911755812047
3 5 3 1 3 3 1.00000000000000000000 0
3 5 3 2 3 3 -1.00000000000000000000 0
3 5 3 4 4 4 1.00000000000000000000 0
3 5 3 5 3 3 0. 0
3 5 3 5 3 4 0.62348980185873353052 0.78183148246802980870
3 5 3 5 4 3 0.62348980185873353052 0.78183148246802980870
3 5 3 5 4 4 0. 0
3 5 4 1 4 3 0.62348980185873353052 0.78183148246802980870
3 5 4 2 4 3 0.62348980185873353052 0.78183148246802980870
3 5 4 3 4 5 -1.00000000000000000000 0
3 5 4 4 3 5 -0.62348980185873353052 0.78183148246802980870
3 5 4 5 3 3 1.00000000000000000000 0
3 5 5 3 3 1 0.70710678118654752440 0
3 5 5 3 3 2 0.44087386689496736253 0.55283834299827522100
3 5 5 3 4 1 0.44087386689496736253 0.55283834299827522100
3 5 5 3 4 2 0.15734606135647380239 -0.68937813787181036595
3 5 5 4 3 4 0.22252093395631440428 0.97492791218182360701
3 5 5 5 4 4 -0.90096886790241912623 -0.43388373911755812047
4 1 1 4 4 1 1.00000000000000000000 0
4 1 2 4 4 2 1.00000000000000000000 0
4 1 3 4 4 3 1.00000000000000000000 0
4 1 3 5 4 3 1.00000000000000000000 0
4 1 4 1 4 4 1.00000000000000000000 0
4 1 4 2 4 4 1.00000000000000000000 0
4 1 4 3 4 4 1.00000000000000000000 0
4 1 5 3 4 5 1.00000000000000000000 0
4 1 5 5 4 5 1.00000000000000000000 0
4 2 1 4 4 2 1.00000000000000000000 0
4 2 2 4 4 1 0.62348980185873353052 0.78183148246802980870
4 2 3 4 4 3 0.90096886790241912623 -0.43388373911755812047
4 2 3 5 4 3 -0.90096886790241912623 0.43388373911755812047
4 2 4 1 4 4 0.62348980185873353052 0.78183148246802980870
4 2 4 2 4 4 0.62348980185873353052 0.78183148246802980870
4 2 4 3 4 4 -0.62348980185873353052 -0.78183148246802980870
4 2 5 3 4 5 0.90096886790241912623 0.43388373911755812047
4 2 5 5 4 5 -0.90096886790241912623 -0.43388373911755812047
4 3 1 4 4 3 1.00000000000000000000 0
4 3 1 5 5 3 1.00000000000000000000 0
4 3 2 4 4 3 0.22252093395631440428 0.97492791218182360701
4 3 2 5 5 3 0.62348980185873353052 0.78183148246802980870
4 3 3 3 5 5 1.00000000000000000000 0
4 3 3 4 4 1 0.63708119613176732233 0.30680213417660024056
4 3 3 4 4 2 -0.70710678118654752440 0
4 3 3 4 5 1 -0.70710678118654752440 0
4 3 3 4 5 2 -0.63708119613176732233 0.30680213417660024056
4 3 3 5 4 5 -0.62348980185873353052 -0.78183148246802980870
4 3 4 1 4 4 -0.90096886790241912623 -0.43388373911755812047
4 3 4 2 4 4 0.90096886790241912623 0.43388373911755812047
4 3 4 3 4 4 0. 0
4 3 4 3 4 5 -0.90096886790241912623 -0.43388373911755812047
4 3 4 3 5 4 -0.90096886790241912623 -0.43388373911755812047
4 3 4 3 5 5 0. 0
4 3 4 5 5 5 0.62348980185873353052 -0.78183148246802980870
4 3 5 1 5 4 -1.00000000000000000000 0
4 3 5 2 5 4 1.00000000000000000000 0
4 3 5 3 4 4 1.00000000000000000000 0
4 3 5 4 5 3 -0.62348980185873353052 -0.78183148246802980870
4 3 5 5 4 3 0.90096886790241912623 -0.43388373911755812047
4 4 1 1 1 4 1.00000000000000000000 0
4 4 1 2 2 4 1.00000000000000000000 0
4 4 1 3 3 4 1.00000000000000000000 0
4 4 2 1 2 4 0.90096886790241912623 -0.43388373911755812047
4 4 2 2 1 4 0.90096886790241912623 -0.43388373911755812047
4 4 2 3 3 4 0.22252093395631440428 -0.97492791218182360701
4 4 3 1 3 4 -0.22252093395631440428 -0.97492791218182360701
4 4 3 2 3 4 0.22252093395631440428 0.97492791218182360701
4 4 3 3 1 4 0.15734606135647380239 0.68937813787181036595
4 4 3 3 1 5 -0.44087386689496736253 0.55283834299827522100
4 4 3 3 2 4 -0.44087386689496736253 0.55283834299827522100
4 4 3 3 2 5 0.70710678118654752440 0
4 4 3 5 3 5 -1.00000000000000000000 0
4 4 4 4 1 1 0.50000000000000000000 0
4 4 4 4 1 2 0.45048443395120956311 -0.21694186955877906023
4 4 4 4 1 3 0.15734606135647380239 0.68937813787181036595
4 4 4 4 2 1 0.45048443395120956311 -0.21694186955877906023
4 4 4 4 2 2 0.31174490092936676526 -0.39091574123401490435
4 4 4 4 2 3 -0.44087386689496736253 -0.55283834299827522100
4 4 4 4 3 1 0.15734606135647380239 0.68937813787181036595
4 4 4 4 3 2 -0.44087386689496736253 -0.55283834299827522100
4 4 4 4 3 3 0. 0
4 4 4 5 3 3 -0.90096886790241912623 -0.43388373911755812047
4 4 5 3 3 5 0.22252093395631440428 0.97492791218182360701
4 4 5 4 3 3 1.00000000000000000000 0
4 4 5 5 1 3 -0.44087386689496736253 0.55283834299827522100
4 4 5 5 1 5 -0.44087386689496736253 0.55283834299827522100
4 4 5 5 2 3 -0.44087386689496736253 0.55283834299827522100
4 4 5 5 2 5 0.44087386689496736253 -0.55283834299827522100
4 5 1 3 3 5 1.00000000000000000000 0
4 5 1 5 5 5 1.00000000000000000000 0
4 5 2 3 3 5 0.62348980185873353052 -0.78183148246802980870
4 5 2 5 5 5 -1.00000000000000000000 0
4 5 3 1 3 4 0.62348980185873353052 0.78183148246802980870
4 5 3 2 3 4 0.62348980185873353052 0.78183148246802980870
4 5 3 3 5 4 -1.00000000000000000000 0
4 5 3 4 5 3 -0.62348980185873353052 0.78183148246802980870
4 5 3 5 3 3 1.00000000000000000000 0
4 5 4 3 5 5 0.62348980185873353052 -0.78183148246802980870
4 5 4 4 3 3 -0.22252093395631440428 0.97492791218182360701
4 5 4 5 3 3 0. 0
4 5 4 5 3 5 0.62348980185873353052 0.78183148246802980870
4 5 4 5 5 3 0.62348980185873353052 0.78183148246802980870
4 5 4 5 5 5 0. 0
4 5 5 1 5 4 0.90096886790241912623 0.43388373911755812047
4 5 5 2 5 4 0.90096886790241912623 0.43388373911755812047
4 5 5 3 3 4 0.22252093395631440428 0.97492791218182360701
4 5 5 4 3 1 0.44087386689496736253 0.55283834299827522100
4 5 5 4 3 2 -0.63708119613176732233 -0.30680213417660024056
4 5 5 4 5 1 -0.63708119613176732233 -0.30680213417660024056
4 5 5 4 5 2 -0.70710678118654752440 0
5 1 1 5 5 1 1.00000000000000000000 0
5 1 2 5 5 2 1.00000000000000000000 0
5 1 3 3 5 3 1.00000000000000000000 0
5 1 3 4 5 3 1.00000000000000000000 0
5 1 4 3 5 4 1.00000000000000000000 0
5 1 4 5 5 4 1.00000000000000000000 0
5 1 5 1 5 5 1.00000000000000000000 0
5 1 5 2 5 5 1.00000000000000000000 0
5 1 5 4 5 5 1.00000000000000000000 0
5 2 1 5 5 2 1.00000000000000000000 0
5 2 2 5 5 1 1.00000000000000000000 0
5 2 3 3 5 3 -0.62348980185873353052 0.78183148246802980870
5 2 3 4 5 3 0.62348980185873353052 -0.78183148246802980870
5 2 4 3 5 4 0.90096886790241912623 0.43388373911755812047
5 2 4 5 5 4 -0.90096886790241912623 -0.43388373911755812047
5 2 5 1 5 5 1.00000000000000000000 0
5 2 5 2 5 5 1.00000000000000000000 0
5 2 5 4 5 5 -1.00000000000000000000 0
5 3 1 3 3 3 1.00000000000000000000 0
5 3 1 4 4 3 1.00000000000000000000 0
5 3 2 3 3 3 -1.00000000000000000000 0
5 3 2 4 4 3 -0.22252093395631440428 -0.97492791218182360701
5 3 3 1 3 5 -1.00000000000000000000 0
5 3 3 2 3 5 1.00000000000000000000 0
5 3 3 4 4 5 -0.62348980185873353052 0.78183148246802980870
5 3 3 5 3 1 -0.70710678118654752440 0
5 3 3 5 3 2 -0.70710678118654752440 0
5 3 3 5 4 1 -0.70710678118654752440 0
5 3 3 5 4 2 0.70710678118654752440 0
5 3 4 1 4 5 -1.00000000000000000000 0
5 3 4 2 4 5 1.00000000000000000000 0
5 3 4 3 4 4 1.00000000000000000000 0
5 3 4 4 3 5 -0.62348980185873353052 -0.78183148246802980870
5 3 4 5 3 4 0.90096886790241912623 -0.43388373911755812047
5 3 5 3 3 3 0. 0
5 3 5 3 3 4 1.00000000000000000000 0
5 3 5 3 4 3 1.00000000000000000000 0
5 3 5 3 4 4 0. 0
5 3 5 4 3 3 0.62348980185873353052 0.78183148246802980870
5 3 5 5 4 4 0.62348980185873353052 0.78183148246802980870
5 4 1 3 3 4 1.00000000000000000000 0
5 4 1 5 5 4 1.00000000000000000000 0
5 4 2 3 3 4 -0.22252093395631440428 0.97492791218182360701
5 4 2 5 5 4 -0.90096886790241912623 0.43388373911755812047
5 4 3 1 3 5 -0.62348980185873353052 0.78183148246802980870
5 4 3 2 3 5 -0.62348980185873353052 0.78183148246802980870
5 4 3 3 5 4 -0.62348980185873353052 0.78183148246802980870
5 4 3 4 5 5 -0.90096886790241912623 0.43388373911755812047
5 4 3 5 3 4 0.90096886790241912623 0.43388373911755812047
5 4 4 3 5 3 0.22252093395631440428 0.97492791218182360701
5 4 4 4 3 3 1.00000000000000000000 0
5 4 4 5 3 1 -0.44087386689496736253 0.55283834299827522100
5 4 4 5 3 2 -0.44087386689496736253 0.55283834299827522100
5 4 4 5 5 1 -0.44087386689496736253 0.55283834299827522100
5 4 4 5 5 2 0.44087386689496736253 -0.55283834299827522100
5 4 5 1 5 5 0.62348980185873353052 -0.78183148246802980870
5 4 5 2 5 5 -0.62348980185873353052 0.78183148246802980870
5 4 5 3 3 3 0.62348980185873353052 -0.78183148246802980870
5 4 5 4 3 3 0. 0
5 4 5 4 3 5 -0.22252093395631440428 0.97492791218182360701
5 4 5 4 5 3 -0.22252093395631440428 0.97492791218182360701
5 4 5 4 5 5 0. 0
5 5 1 1 1 5 1.00000000000000000000 0
5 5 1 2 2 5 1.00000000000000000000 0
5 5 1 4 4 5 1.00000000000000000000 0
5 5 2 1 2 5 -1.00000000000000000000 0
5 5 2 2 1 5 -1.00000000000000000000 0
5 5 2 4 4 5 -0.90096886790241912623 -0.43388373911755812047
5 5 3 3 1 3 0.70710678118654752440 0
5 5 3 3 1 4 0.44087386689496736253 0.55283834299827522100
5 5 3 3 2 3 0.44087386689496736253 0.55283834299827522100
5 5 3 3 2 4 0.15734606135647380239 -0.68937813787181036595
5 5 3 4 4 3 0.22252093395631440428 0.97492791218182360701
5 5 3 5 4 4 -0.90096886790241912623 -0.43388373911755812047
5 5 4 1 4 5 0.90096886790241912623 0.43388373911755812047
5 5 4 2 4 5 0.90096886790241912623 0.43388373911755812047
5 5 4 3 4 3 0.22252093395631440428 0.97492791218182360701
5 5 4 4 1 3 0.44087386689496736253 0.55283834299827522100
5 5 4 4 1 5 -0.63708119613176732233 -0.30680213417660024056
5 5 4 4 2 3 -0.63708119613176732233 -0.30680213417660024056
5 5 4 4 2 5 -0.70710678118654752440 0
5 5 5 3 4 4 -0.22252093395631440428 0.97492791218182360701
5 5 5 5 1 1 0.50000000000000000000 0
5 5 5 5 1 2 -0.50000000000000000000 0
5 5 5 5 1 4 -0.63708119613176732233 -0.30680213417660024056
5 5 5 5 2 1 -0.50000000000000000000 0
5 5 5 5 2 2 0.50000000000000000000 0
5 5 5 5 2 4 -0.63708119613176732233 -0.30680213417660024056
5 5 5 5 4 1 -0.63708119613176732233 -0.30680213417660024056
5 5 5 5 4 2 -0.63708119613176732233 -0.30680213417660024056
5 5 5 5 4 4 0. 0