1 1 1 1 1 1 1.00000000000000000000 0
1 1 2 2 1 2 1.00000000000000000000 0
1 1 3 3 1 3 1.00000000000000000000 0
1 1 4 4 1 4 1.00000000000000000000 0
1 1 5 5 1 5 1.00000000000000000000 0
1 2 1 2 2 2 1.00000000000000000000 0
1 2 2 5 2 5 1.00000000000000000000 0
1 2 3 1 2 1 1.00000000000000000000 0
1 2 4 3 2 3 1.00000000000000000000 0
1 2 5 4 2 4 1.00000000000000000000 0
1 3 1 3 3 3 1.00000000000000000000 0
1 3 2 1 3 1 1.00000000000000000000 0
1 3 3 4 3 4 1.00000000000000000000 0
1 3 4 5 3 5 1.00000000000000000000 0
1 3 5 2 3 2 1.00000000000000000000 0
1 4 1 4 4 4 1.00000000000000000000 0
1 4 2 3 4 3 1.00000000000000000000 0
1 4 3 5 4 5 1.00000000000000000000 0
1 4 4 2 4 2 1.00000000000000000000 0
1 4 5 1 4 1 1.00000000000000000000 0
1 5 1 5 5 5 1.00000000000000000000 0
1 5 2 4 5 4 1.00000000000000000000 0
1 5 3 2 5 2 1.00000000000000000000 0
1 5 4 1 5 1 1.00000000000000000000 0
1 5 5 3 5 3 1.00000000000000000000 0
2 1 1 2 2 1 1.00000000000000000000 0
2 1 2 5 2 2 1.00000000000000000000 0
2 1 3 1 2 3 1.00000000000000000000 0
2 1 4 3 2 4 1.00000000000000000000 0
2 1 5 4 2 5 1.00000000000000000000 0
2 2 1 5 5 2 1.00000000000000000000 0
2 2 2 4 5 5 1.00000000000000000000 0
2 2 3 2 5 1 1.00000000000000000000 0
2 2 4 1 5 3 1.00000000000000000000 0
2 2 5 3 5 4 1.00000000000000000000 0
2 3 1 1 1 3 1.00000000000000000000 0
2 3 2 2 1 1 1.00000000000000000000 0
2 3 3 3 1 4 1.00000000000000000000 0
2 3 4 4 1 5 1.00000000000000000000 0
2 3 5 5 1 2 1.00000000000000000000 0
2 4 1 3 3 4 1.00000000000000000000 0
2 4 2 1 3 3 1.00000000000000000000 0
2 4 3 4 3 5 1.00000000000000000000 0
2 4 4 5 3 2 1.00000000000000000000 0
2 4 5 2 3 1 1.00000000000000000000 0
2 5 1 4 4 5 1.00000000000000000000 0
2 5 2 3 4 4 0.30901699437494742410 0.95105651629515357211
2 5 3 5 4 2 0.30901699437494742410 -0.95105651629515357211
2 5 4 2 4 1 -0.80901699437494742410 -0.58778525229247312916
2 5 5 1 4 3 -0.80901699437494742410 0.58778525229247312916
3 1 1 3 3 1 1.00000000000000000000 0
3 1 2 1 3 2 1.00000000000000000000 0
3 1 3 4 3 3 1.00000000000000000000 0
3 1 4 5 3 4 1.00000000000000000000 0
3 1 5 2 3 5 1.00000000000000000000 0
3 2 1 1 1 2 1.00000000000000000000 0
3 2 2 2 1 5 1.00000000000000000000 0
3 2 3 3 1 1 1.00000000000000000000 0
3 2 4 4 1 3 1.00000000000000000000 0
3 2 5 5 1 4 1.00000000000000000000 0
3 3 1 4 4 3 1.00000000000000000000 0
3 3 2 3 4 1 1.00000000000000000000 0
3 3 3 5 4 4 1.00000000000000000000 0
3 3 4 2 4 5 1.00000000000000000000 0
3 3 5 1 4 2 1.00000000000000000000 0
3 4 1 5 5 4 1.00000000000000000000 0
3 4 2 4 5 3 0.30901699437494742410 -0.95105651629515357211
3 4 3 2 5 5 0.30901699437494742410 0.95105651629515357211
3 4 4 1 5 2 -0.80901699437494742410 0.58778525229247312916
3 4 5 3 5 1 -0.80901699437494742410 -0.58778525229247312916
3 5 1 2 2 5 1.00000000000000000000 0
3 5 2 5 2 4 1.00000000000000000000 0
3 5 3 1 2 2 1.00000000000000000000 0
3 5 4 3 2 1 1.00000000000000000000 0
3 5 5 4 2 3 1.00000000000000000000 0
4 1 1 4 4 1 1.00000000000000000000 0
4 1 2 3 4 2 1.00000000000000000000 0
4 1 3 5 4 3 1.00000000000000000000 0
4 1 4 2 4 4 1.00000000000000000000 0
4 1 5 1 4 5 1.00000000000000000000 0
4 2 1 3 3 2 1.00000000000000000000 0
4 2 2 1 3 5 1.00000000000000000000 0
4 2 3 4 3 1 1.00000000000000000000 0
4 2 4 5 3 3 1.00000000000000000000 0
4 2 5 2 3 4 1.00000000000000000000 0
4 3 1 5 5 3 1.00000000000000000000 0
4 3 2 4 5 1 0.30901699437494742410 -0.95105651629515357211
4 3 3 2 5 4 0.30901699437494742410 0.95105651629515357211
4 3 4 1 5 5 -0.80901699437494742410 0.58778525229247312916
4 3 5 3 5 2 -0.80901699437494742410 -0.58778525229247312916
4 4 1 2 2 4 1.00000000000000000000 0
4 4 2 5 2 3 0.30901699437494742410 -0.95105651629515357211
4 4 3 1 2 5 0.30901699437494742410 0.95105651629515357211
4 4 4 3 2 2 -0.80901699437494742410 0.58778525229247312916
4 4 5 4 2 1 -0.80901699437494742410 -0.58778525229247312916
4 5 1 1 1 5 1.00000000000000000000 0
4 5 2 2 1 4 1.00000000000000000000 0
4 5 3 3 1 2 1.00000000000000000000 0
4 5 4 4 1 1 1.00000000000000000000 0
4 5 5 5 1 3 1.00000000000000000000 0
5 1 1 5 5 1 1.00000000000000000000 0
5 1 2 4 5 2 1.00000000000000000000 0
5 1 3 2 5 3 1.00000000000000000000 0
5 1 4 1 5 4 1.00000000000000000000 0
5 1 5 3 5 5 1.00000000000000000000 0
5 2 1 4 4 2 1.00000000000000000000 0
5 2 2 3 4 5 0.30901699437494742410 0.95105651629515357211
5 2 3 5 4 1 0.30901699437494742410 -0.95105651629515357211
5 2 4 2 4 3 -0.80901699437494742410 -0.58778525229247312916
5 2 5 1 4 4 -0.80901699437494742410 0.58778525229247312916
5 3 1 2 2 3 1.00000000000000000000 0
5 3 2 5 2 1 1.00000000000000000000 0
5 3 3 1 2 4 1.00000000000000000000 0
5 3 4 3 2 5 1.00000000000000000000 0
5 3 5 4 2 2 1.00000000000000000000 0
5 4 1 1 1 4 1.00000000000000000000 0
5 4 2 2 1 3 1.00000000000000000000 0
5 4 3 3 1 5 1.00000000000000000000 0
5 4 4 4 1 2 1.00000000000000000000 0
5 4 5 5 1 1 1.00000000000000000000 0
5 5 1 3 3 5 1.00000000000000000000 0
5 5 2 1 3 4 0.30901699437494742410 0.95105651629515357211
5 5 3 4 3 2 0.30901699437494742410 -0.95105651629515357211
5 5 4 5 3 1 -0.80901699437494742410 -0.58778525229247312916
5 5 5 2 3 3 -0.80901699437494742410 0.58778525229247312916