1 1 1 1 1 1 1.00000000000000000000 0
1 1 2 2 1 2 1.00000000000000000000 0
1 1 3 3 1 3 1.00000000000000000000 0
1 1 4 4 1 4 1.00000000000000000000 0
1 1 5 5 1 5 1.00000000000000000000 0
1 2 1 2 2 2 1.00000000000000000000 0
1 2 2 1 2 1 1.00000000000000000000 0
1 2 2 3 2 3 1.00000000000000000000 0
1 2 3 2 2 2 1.00000000000000000000 0
1 2 3 4 2 4 1.00000000000000000000 0
1 2 4 3 2 3 1.00000000000000000000 0
1 2 4 5 2 5 1.00000000000000000000 0
1 2 5 4 2 4 1.00000000000000000000 0
1 2 5 5 2 5 1.00000000000000000000 0
1 3 1 3 3 3 1.00000000000000000000 0
1 3 2 2 3 2 1.00000000000000000000 0
1 3 2 4 3 4 1.00000000000000000000 0
1 3 3 1 3 1 1.00000000000000000000 0
1 3 3 3 3 3 1.00000000000000000000 0
1 3 3 5 3 5 1.00000000000000000000 0
1 3 4 2 3 2 1.00000000000000000000 0
1 3 4 4 3 4 1.00000000000000000000 0
1 3 4 5 3 5 1.00000000000000000000 0
1 3 5 3 3 3 1.00000000000000000000 0
1 3 5 4 3 4 1.00000000000000000000 0
1 3 5 5 3 5 1.00000000000000000000 0
1 4 1 4 4 4 1.00000000000000000000 0
1 4 2 3 4 3 1.00000000000000000000 0
1 4 2 5 4 5 1.00000000000000000000 0
1 4 3 2 4 2 1.00000000000000000000 0
1 4 3 4 4 4 1.00000000000000000000 0
1 4 3 5 4 5 1.00000000000000000000 0
1 4 4 1 4 1 1.00000000000000000000 0
1 4 4 3 4 3 1.00000000000000000000 0
1 4 4 4 4 4 1.00000000000000000000 0
1 4 4 5 4 5 1.00000000000000000000 0
1 4 5 2 4 2 1.00000000000000000000 0
1 4 5 3 4 3 1.00000000000000000000 0
1 4 5 4 4 4 1.00000000000000000000 0
1 4 5 5 4 5 1.00000000000000000000 0
1 5 1 5 5 5 1.00000000000000000000 0
1 5 2 4 5 4 1.00000000000000000000 0
1 5 2 5 5 5 1.00000000000000000000 0
1 5 3 3 5 3 1.00000000000000000000 0
1 5 3 4 5 4 1.00000000000000000000 0
1 5 3 5 5 5 1.00000000000000000000 0
1 5 4 2 5 2 1.00000000000000000000 0
1 5 4 3 5 3 1.00000000000000000000 0
1 5 4 4 5 4 1.00000000000000000000 0
1 5 4 5 5 5 1.00000000000000000000 0
1 5 5 1 5 1 1.00000000000000000000 0
1 5 5 2 5 2 1.00000000000000000000 0
1 5 5 3 5 3 1.00000000000000000000 0
1 5 5 4 5 4 1.00000000000000000000 0
1 5 5 5 5 5 1.00000000000000000000 0
2 1 1 2 2 1 1.00000000000000000000 0
2 1 2 1 2 2 1.00000000000000000000 0
2 1 2 3 2 2 1.00000000000000000000 0
2 1 3 2 2 3 1.00000000000000000000 0
2 1 3 4 2 3 1.00000000000000000000 0
2 1 4 3 2 4 1.00000000000000000000 0
2 1 4 5 2 4 1.00000000000000000000 0
2 1 5 4 2 5 1.00000000000000000000 0
2 1 5 5 2 5 1.00000000000000000000 0
2 2 1 1 1 2 1.00000000000000000000 0
2 2 1 3 3 2 1.00000000000000000000 0
2 2 2 2 1 1 0.52110855811320272294 0
2 2 2 2 1 3 0.85349040455132172537 0
2 2 2 2 3 1 0.85349040455132172537 0
2 2 2 2 3 3 -0.52110855811320272294 0
2 2 2 4 3 3 1.00000000000000000000 0
2 2 3 1 3 2 1.00000000000000000000 0
2 2 3 3 1 2 0.61056170676827760716 0
2 2 3 3 1 4 0.79196868765640462686 0
2 2 3 3 3 2 -0.79196868765640462686 0
2 2 3 3 3 4 0.61056170676827760716 0
2 2 3 5 3 4 1.00000000000000000000 0
2 2 4 2 3 3 1.00000000000000000000 0
2 2 4 4 1 3 0.65799136535974451510 0
2 2 4 4 1 5 0.75302547308309511514 0
2 2 4 4 3 3 0.75302547308309511514 0
2 2 4 4 3 5 -0.65799136535974451510 0
2 2 4 5 3 5 1.00000000000000000000 0
2 2 5 3 3 4 1.00000000000000000000 0
2 2 5 4 3 5 1.00000000000000000000 0
2 2 5 5 1 4 0.69201982766883007645 0
2 2 5 5 1 5 0.72187849262407224244 0
2 2 5 5 3 4 -0.72187849262407224244 0
2 2 5 5 3 5 0.69201982766883007645 0
2 3 1 2 2 3 1.00000000000000000000 0
2 3 1 4 4 3 1.00000000000000000000 0
2 3 2 1 2 2 1.00000000000000000000 0
2 3 2 3 2 2 -0.37278559777179220960 0
2 3 2 3 2 4 0.92791750608226351705 0
2 3 2 3 4 2 0.92791750608226351705 0
2 3 2 3 4 4 0.37278559777179220960 0
2 3 2 5 4 4 1.00000000000000000000 0
2 3 3 2 2 1 0.61056170676827760716 0
2 3 3 2 2 3 -0.79196868765640462686 0
2 3 3 2 4 1 0.79196868765640462686 0
2 3 3 2 4 3 0.61056170676827760716 0
2 3 3 4 2 3 0.47070749586696428494 0
2 3 3 4 2 5 0.88228932518457447367 0
2 3 3 4 4 3 -0.88228932518457447367 0
2 3 3 4 4 5 0.47070749586696428494 0
2 3 3 5 4 5 1.00000000000000000000 0
2 3 4 1 4 2 1.00000000000000000000 0
2 3 4 3 2 2 0.71537032345342971911 0
2 3 4 3 2 4 0.69874551899968227385 0
2 3 4 3 4 2 0.69874551899968227385 0
2 3 4 3 4 4 -0.71537032345342971911 0
2 3 4 4 4 5 1.00000000000000000000 0
2 3 4 5 2 4 -0.53350696016694129056 0
2 3 4 5 2 5 0.84579567476632896240 0
2 3 4 5 4 4 0.84579567476632896240 0
2 3 4 5 4 5 0.53350696016694129056 0
2 3 5 2 4 3 1.00000000000000000000 0
2 3 5 3 4 4 1.00000000000000000000 0
2 3 5 4 2 3 0.77094172570768305055 0
2 3 5 4 2 5 -0.63690568812255052037 0
2 3 5 4 4 3 0.63690568812255052037 0
2 3 5 4 4 5 0.77094172570768305055 0
2 3 5 5 2 4 0.81081149123477677220 0
2 3 5 5 2 5 0.58530737709483681981 0
2 3 5 5 4 4 0.58530737709483681981 0
2 3 5 5 4 5 -0.81081149123477677220 0
2 4 1 3 3 4 1.00000000000000000000 0
2 4 1 5 5 4 1.00000000000000000000 0
2 4 2 2 3 3 1.00000000000000000000 0
2 4 2 4 3 3 0.30972146789057012811 0
2 4 2 4 3 5 0.95082733044844190422 0
2 4 2 4 5 3 0.95082733044844190422 0
2 4 2 4 5 5 -0.30972146789057012811 0
2 4 2 5 5 5 1.00000000000000000000 0
2 4 3 1 3 2 1.00000000000000000000 0
2 4 3 3 3 2 0.47070749586696428494 0
2 4 3 3 3 4 -0.88228932518457447367 0
2 4 3 3 5 2 0.88228932518457447367 0
2 4 3 3 5 4 0.47070749586696428494 0
2 4 3 4 5 5 1.00000000000000000000 0
2 4 3 5 3 4 0.41130277654816183958 0
2 4 3 5 3 5 0.91149878003416595415 0
2 4 3 5 5 4 -0.91149878003416595415 0
2 4 3 5 5 5 0.41130277654816183958 0
2 4 4 2 3 1 0.65799136535974451510 0
2 4 4 2 3 3 0.75302547308309511514 0
2 4 4 2 5 1 0.75302547308309511514 0
2 4 4 2 5 3 -0.65799136535974451510 0
2 4 4 3 5 4 1.00000000000000000000 0
2 4 4 4 3 3 -0.59435114443714040900 0
2 4 4 4 3 5 0.80420564354290716420 0
2 4 4 4 5 3 0.80420564354290716420 0
2 4 4 4 5 5 0.59435114443714040900 0
2 4 4 5 3 4 0.87379695492337781317 0
2 4 4 5 3 5 0.48629094333190335702 0
2 4 4 5 5 4 -0.48629094333190335702 0
2 4 4 5 5 5 0.87379695492337781317 0
2 4 5 1 5 2 1.00000000000000000000 0
2 4 5 2 5 3 1.00000000000000000000 0
2 4 5 3 3 2 0.77094172570768305055 0
2 4 5 3 3 4 0.63690568812255052037 0
2 4 5 3 5 2 -0.63690568812255052037 0
2 4 5 3 5 4 0.77094172570768305055 0
2 4 5 4 3 3 0.83083002600377285105 0
2 4 5 4 3 5 0.55652625085486320490 0
2 4 5 4 5 3 0.55652625085486320490 0
2 4 5 4 5 5 -0.83083002600377285105 0
2 4 5 5 3 4 0.67364653234674742874 0
2 4 5 5 3 5 -0.73905368509818186967 0
2 4 5 5 5 4 0.73905368509818186967 0
2 4 5 5 5 5 0.67364653234674742874 0
2 5 1 4 4 5 1.00000000000000000000 0
2 5 1 5 5 5 1.00000000000000000000 0
2 5 2 3 4 4 1.00000000000000000000 0
2 5 2 4 5 5 1.00000000000000000000 0
2 5 2 5 4 4 -0.28462967654657028088 0
2 5 2 5 4 5 0.95863754737074365221 0
2 5 2 5 5 4 0.95863754737074365221 0
2 5 2 5 5 5 0.28462967654657028088 0
2 5 3 2 4 3 1.00000000000000000000 0
2 5 3 3 5 4 1.00000000000000000000 0
2 5 3 4 4 3 0.41130277654816183958 0
2 5 3 4 4 5 -0.91149878003416595415 0
2 5 3 4 5 3 0.91149878003416595415 0
2 5 3 4 5 5 0.41130277654816183958 0
2 5 3 5 4 4 0.91898594722899477978 0
2 5 3 5 4 5 0.39429028493690688680 0
2 5 3 5 5 4 0.39429028493690688680 0
2 5 3 5 5 5 -0.91898594722899477978 0
2 5 4 1 4 2 1.00000000000000000000 0
2 5 4 2 5 3 1.00000000000000000000 0
2 5 4 3 4 2 -0.53350696016694129056 0
2 5 4 3 4 4 0.84579567476632896240 0
2 5 4 3 5 2 0.84579567476632896240 0
2 5 4 3 5 4 0.53350696016694129056 0
2 5 4 4 4 3 0.87379695492337781317 0
2 5 4 4 4 5 -0.48629094333190335702 0
2 5 4 4 5 3 0.48629094333190335702 0
2 5 4 4 5 5 0.87379695492337781317 0
2 5 4 5 4 4 0.54620034945720257017 0
2 5 4 5 4 5 0.83765456976777115413 0
2 5 4 5 5 4 0.83765456976777115413 0
2 5 4 5 5 5 -0.54620034945720257017 0
2 5 5 1 5 2 1.00000000000000000000 0
2 5 5 2 4 1 0.69201982766883007645 0
2 5 5 2 4 3 -0.72187849262407224244 0
2 5 5 2 5 1 0.72187849262407224244 0
2 5 5 2 5 3 0.69201982766883007645 0
2 5 5 3 4 2 0.81081149123477677220 0
2 5 5 3 4 4 0.58530737709483681981 0
2 5 5 3 5 2 0.58530737709483681981 0
2 5 5 3 5 4 -0.81081149123477677220 0
2 5 5 4 4 3 0.67364653234674742874 0
2 5 5 4 4 5 0.73905368509818186967 0
2 5 5 4 5 3 -0.73905368509818186967 0
2 5 5 4 5 5 0.67364653234674742874 0
2 5 5 5 4 4 -0.76352111843336755794 0
2 5 5 5 4 5 0.64578285956369228422 0
2 5 5 5 5 4 0.64578285956369228422 0
2 5 5 5 5 5 0.76352111843336755794 0
3 1 1 3 3 1 1.00000000000000000000 0
3 1 2 2 3 2 1.00000000000000000000 0
3 1 2 4 3 2 1.00000000000000000000 0
3 1 3 1 3 3 1.00000000000000000000 0
3 1 3 3 3 3 1.00000000000000000000 0
3 1 3 5 3 3 1.00000000000000000000 0
3 1 4 2 3 4 1.00000000000000000000 0
3 1 4 4 3 4 1.00000000000000000000 0
3 1 4 5 3 4 1.00000000000000000000 0
3 1 5 3 3 5 1.00000000000000000000 0
3 1 5 4 3 5 1.00000000000000000000 0
3 1 5 5 3 5 1.00000000000000000000 0
3 2 1 2 2 2 1.00000000000000000000 0
3 2 1 4 4 2 1.00000000000000000000 0
3 2 2 1 2 3 1.00000000000000000000 0
3 2 2 3 2 1 0.61056170676827760716 0
3 2 2 3 2 3 -0.79196868765640462686 0
3 2 2 3 4 1 0.79196868765640462686 0
3 2 2 3 4 3 0.61056170676827760716 0
3 2 2 5 4 3 1.00000000000000000000 0
3 2 3 2 2 2 -0.37278559777179220960 0
3 2 3 2 2 4 0.92791750608226351705 0
3 2 3 2 4 2 0.92791750608226351705 0
3 2 3 2 4 4 0.37278559777179220960 0
3 2 3 4 2 2 0.71537032345342971911 0
3 2 3 4 2 4 0.69874551899968227385 0
3 2 3 4 4 2 0.69874551899968227385 0
3 2 3 4 4 4 -0.71537032345342971911 0
3 2 3 5 4 4 1.00000000000000000000 0
3 2 4 1 4 3 1.00000000000000000000 0
3 2 4 3 2 3 0.47070749586696428494 0
3 2 4 3 2 5 0.88228932518457447367 0
3 2 4 3 4 3 -0.88228932518457447367 0
3 2 4 3 4 5 0.47070749586696428494 0
3 2 4 4 4 5 1.00000000000000000000 0
3 2 4 5 2 3 0.77094172570768305055 0
3 2 4 5 2 5 -0.63690568812255052037 0
3 2 4 5 4 3 0.63690568812255052037 0
3 2 4 5 4 5 0.77094172570768305055 0
3 2 5 2 4 4 1.00000000000000000000 0
3 2 5 3 4 5 1.00000000000000000000 0
3 2 5 4 2 4 -0.53350696016694129056 0
3 2 5 4 2 5 0.84579567476632896240 0
3 2 5 4 4 4 0.84579567476632896240 0
3 2 5 4 4 5 0.53350696016694129056 0
3 2 5 5 2 4 0.81081149123477677220 0
3 2 5 5 2 5 0.58530737709483681981 0
3 2 5 5 4 4 0.58530737709483681981 0
3 2 5 5 4 5 -0.81081149123477677220 0
3 3 1 1 1 3 1.00000000000000000000 0
3 3 1 3 3 3 1.00000000000000000000 0
3 3 1 5 5 3 1.00000000000000000000 0
3 3 2 2 1 2 0.61056170676827760716 0
3 3 2 2 1 4 0.79196868765640462686 0
3 3 2 2 3 2 -0.79196868765640462686 0
3 3 2 2 3 4 0.61056170676827760716 0
3 3 2 4 3 2 0.47070749586696428494 0
3 3 2 4 3 4 -0.88228932518457447367 0
3 3 2 4 5 2 0.88228932518457447367 0
3 3 2 4 5 4 0.47070749586696428494 0
3 3 2 5 5 4 1.00000000000000000000 0
3 3 3 1 3 3 1.00000000000000000000 0
3 3 3 3 1 1 0.37278559777179220960 0
3 3 3 3 1 3 0.61056170676827760716 0
3 3 3 3 1 5 0.69874551899968227385 0
3 3 3 3 3 1 0.61056170676827760716 0
3 3 3 3 3 3 0.40564885556285959099 0
3 3 3 3 3 5 -0.68019365493126298924 0
3 3 3 3 5 1 0.69874551899968227385 0
3 3 3 3 5 3 -0.68019365493126298924 0
3 3 3 3 5 5 0.22156554666534819939 0
3 3 3 4 5 5 1.00000000000000000000 0
3 3 3 5 3 3 -0.59435114443714040900 0
3 3 3 5 3 5 0.80420564354290716420 0
3 3 3 5 5 3 0.80420564354290716420 0
3 3 3 5 5 5 0.59435114443714040900 0
3 3 4 2 3 2 0.47070749586696428494 0
3 3 4 2 3 4 -0.88228932518457447367 0
3 3 4 2 5 2 0.88228932518457447367 0
3 3 4 2 5 4 0.47070749586696428494 0
3 3 4 3 5 5 1.00000000000000000000 0
3 3 4 4 1 2 0.47070749586696428494 0
3 3 4 4 1 4 0.61056170676827760716 0
3 3 4 4 1 5 0.63690568812255052037 0
3 3 4 4 3 2 -0.68019365493126298924 0
3 3 4 4 3 4 -0.20864279283782704492 0
3 3 4 4 3 5 0.70271244245998769686 0
3 3 4 4 5 2 0.56193508977986214805 0
3 3 4 4 5 4 -0.76399122195548776995 0
3 3 4 4 5 5 0.31709047234040143780 0
3 3 4 5 3 4 0.67364653234674742874 0
3 3 4 5 3 5 -0.73905368509818186967 0
3 3 4 5 5 4 0.73905368509818186967 0
3 3 4 5 5 5 0.67364653234674742874 0
3 3 5 1 5 3 1.00000000000000000000 0
3 3 5 2 5 4 1.00000000000000000000 0
3 3 5 3 3 3 -0.59435114443714040900 0
3 3 5 3 3 5 0.80420564354290716420 0
3 3 5 3 5 3 0.80420564354290716420 0
3 3 5 3 5 5 0.59435114443714040900 0
3 3 5 4 3 4 0.67364653234674742874 0
3 3 5 4 3 5 -0.73905368509818186967 0
3 3 5 4 5 4 0.73905368509818186967 0
3 3 5 4 5 5 0.67364653234674742874 0
3 3 5 5 1 3 0.53350696016694129056 0
3 3 5 5 1 4 0.58530737709483681981 0
3 3 5 5 1 5 0.61056170676827760716 0
3 3 5 5 3 3 0.70271244245998769686 0
3 3 5 5 3 4 -0.70848461205783098409 0
3 3 5 5 3 5 0.06515195844472529453 0
3 3 5 5 5 3 0.47070749586696428494 0
3 3 5 5 5 4 0.39429028493690688680 0
3 3 5 5 5 5 -0.78928424825218992759 0
3 4 1 2 2 4 1.00000000000000000000 0
3 4 1 4 4 4 1.00000000000000000000 0
3 4 1 5 5 4 1.00000000000000000000 0
3 4 2 1 2 3 1.00000000000000000000 0
3 4 2 3 2 3 0.47070749586696428494 0
3 4 2 3 2 5 0.88228932518457447367 0
3 4 2 3 4 3 -0.88228932518457447367 0
3 4 2 3 4 5 0.47070749586696428494 0
3 4 2 4 5 5 1.00000000000000000000 0
3 4 2 5 4 3 0.41130277654816183958 0
3 4 2 5 4 5 -0.91149878003416595415 0
3 4 2 5 5 3 0.91149878003416595415 0
3 4 2 5 5 5 0.41130277654816183958 0
3 4 3 2 2 2 0.71537032345342971911 0
3 4 3 2 2 4 0.69874551899968227385 0
3 4 3 2 4 2 0.69874551899968227385 0
3 4 3 2 4 4 -0.71537032345342971911 0
3 4 3 3 5 5 1.00000000000000000000 0
3 4 3 4 2 2 0.22156554666534819939 0
3 4 3 4 2 4 -0.55150883168325051759 0
3 4 3 4 2 5 0.80420564354290716420 0
3 4 3 4 4 2 -0.55150883168325051759 0
3 4 3 4 4 4 0.60926447933842465166 0
3 4 3 4 4 5 0.56976732338021489136 0
3 4 3 4 5 2 0.80420564354290716420 0
3 4 3 4 5 4 0.56976732338021489136 0
3 4 3 4 5 5 0.16916997399622714894 0
3 4 3 5 4 4 0.54620034945720257017 0
3 4 3 5 4 5 0.83765456976777115413 0
3 4 3 5 5 4 0.83765456976777115413 0
3 4 3 5 5 5 -0.54620034945720257017 0
3 4 4 1 4 3 1.00000000000000000000 0
3 4 4 2 5 4 1.00000000000000000000 0
3 4 4 3 2 1 0.47070749586696428494 0
3 4 4 3 2 3 -0.68019365493126298924 0
3 4 4 3 2 5 0.56193508977986214805 0
3 4 4 3 4 1 0.61056170676827760716 0
3 4 4 3 4 3 -0.20864279283782704492 0
3 4 4 3 4 5 -0.76399122195548776995 0
3 4 4 3 5 1 0.63690568812255052037 0
3 4 4 3 5 3 0.70271244245998769686 0
3 4 4 3 5 5 0.31709047234040143780 0
3 4 4 4 4 4 -0.76352111843336755794 0
3 4 4 4 4 5 0.64578285956369228422 0
3 4 4 4 5 4 0.64578285956369228422 0
3 4 4 4 5 5 0.76352111843336755794 0
3 4 4 5 2 3 0.31709047234040143780 0
3 4 4 5 2 4 0.73905368509818186967 0
3 4 4 5 2 5 0.59435114443714040900 0
3 4 4 5 4 3 -0.66757320333289568078 0
3 4 4 5 4 4 0.61907169662620335750 0
3 4 4 5 4 5 -0.41363782784969069313 0
3 4 4 5 5 3 0.67364653234674742874 0
3 4 4 5 5 4 0.26561228318575830558 0
3 4 4 5 5 5 -0.68967417269175094568 0
3 4 5 1 5 3 1.00000000000000000000 0
3 4 5 2 4 2 -0.53350696016694129056 0
3 4 5 2 4 4 0.84579567476632896240 0
3 4 5 2 5 2 0.84579567476632896240 0
3 4 5 2 5 4 0.53350696016694129056 0
3 4 5 3 4 3 0.67364653234674742874 0
3 4 5 3 4 5 0.73905368509818186967 0
3 4 5 3 5 3 -0.73905368509818186967 0
3 4 5 3 5 5 0.67364653234674742874 0
3 4 5 4 2 2 0.59435114443714040900 0
3 4 5 4 2 4 0.65205917710044788546 0
3 4 5 4 2 5 0.47070749586696428494 0
3 4 5 4 4 2 0.65205917710044788546 0
3 4 5 4 4 4 -0.04815079497993783883 0
3 4 5 4 4 5 -0.75663751592284051439 0
3 4 5 4 5 2 0.47070749586696428494 0
3 4 5 4 5 4 -0.75663751592284051439 0
3 4 5 4 5 5 0.45379965054279742982 0
3 4 5 5 2 3 0.67364653234674742874 0
3 4 5 5 2 4 0.39429028493690688680 0
3 4 5 5 2 5 -0.62508841027615873429 0
3 4 5 5 4 3 0.64578285956369228422 0
3 4 5 5 4 4 -0.72534113251296382804 0
3 4 5 5 4 5 0.23842134925075719232 0
3 4 5 5 5 3 0.35939511369931430809 0
3 4 5 5 5 4 0.56428309622846565159 0
3 4 5 5 5 5 0.74324944639055945580 0
3 5 1 3 3 5 1.00000000000000000000 0
3 5 1 4 4 5 1.00000000000000000000 0
3 5 1 5 5 5 1.00000000000000000000 0
3 5 2 2 3 4 1.00000000000000000000 0
3 5 2 3 4 5 1.00000000000000000000 0
3 5 2 4 3 4 0.41130277654816183958 0
3 5 2 4 3 5 0.91149878003416595415 0
3 5 2 4 5 4 -0.91149878003416595415 0
3 5 2 4 5 5 0.41130277654816183958 0
3 5 2 5 4 4 0.91898594722899477978 0
3 5 2 5 4 5 0.39429028493690688680 0
3 5 2 5 5 4 0.39429028493690688680 0
3 5 2 5 5 5 -0.91898594722899477978 0
3 5 3 1 3 3 1.00000000000000000000 0
3 5 3 2 4 4 1.00000000000000000000 0
3 5 3 3 3 3 -0.59435114443714040900 0
3 5 3 3 3 5 0.80420564354290716420 0
3 5 3 3 5 3 0.80420564354290716420 0
3 5 3 3 5 5 0.59435114443714040900 0
3 5 3 4 4 4 0.54620034945720257017 0
3 5 3 4 4 5 0.83765456976777115413 0
3 5 3 4 5 4 0.83765456976777115413 0
3 5 3 4 5 5 -0.54620034945720257017 0
3 5 3 5 3 3 0.16916997399622714894 0
3 5 3 5 3 4 0.83765456976777115413 0
3 5 3 5 3 5 0.51934222016439799386 0
3 5 3 5 4 3 0.83765456976777115413 0
3 5 3 5 4 4 0.15546482879562722183 0
3 5 3 5 4 5 -0.52360816337669576574 0
3 5 3 5 5 3 0.51934222016439799386 0
3 5 3 5 5 4 -0.52360816337669576574 0
3 5 3 5 5 5 0.67536519720814562922 0
3 5 4 1 4 3 1.00000000000000000000 0
3 5 4 2 3 2 0.77094172570768305055 0
3 5 4 2 3 4 0.63690568812255052037 0
3 5 4 2 5 2 -0.63690568812255052037 0
3 5 4 2 5 4 0.77094172570768305055 0
3 5 4 3 4 3 0.67364653234674742874 0
3 5 4 3 4 5 0.73905368509818186967 0
3 5 4 3 5 3 -0.73905368509818186967 0
3 5 4 3 5 5 0.67364653234674742874 0
3 5 4 4 3 2 0.31709047234040143780 0
3 5 4 4 3 4 -0.66757320333289568078 0
3 5 4 4 3 5 0.67364653234674742874 0
3 5 4 4 4 2 0.73905368509818186967 0
3 5 4 4 4 4 0.61907169662620335750 0
3 5 4 4 4 5 0.26561228318575830558 0
3 5 4 4 5 2 0.59435114443714040900 0
3 5 4 4 5 4 -0.41363782784969069313 0
3 5 4 4 5 5 -0.68967417269175094568 0
3 5 4 5 3 3 0.76352111843336755794 0
3 5 4 5 3 4 0.26561228318575830558 0
3 5 4 5 3 5 0.58863028865928063693 0
3 5 4 5 4 3 0.26561228318575830558 0
3 5 4 5 4 4 0.70166517825282979200 0
3 5 4 5 4 5 -0.66114755739416683532 0
3 5 4 5 5 3 0.58863028865928063693 0
3 5 4 5 5 4 -0.66114755739416683532 0
3 5 4 5 5 5 -0.46518629668619734995 0
3 5 5 1 5 3 1.00000000000000000000 0
3 5 5 2 4 2 0.81081149123477677220 0
3 5 5 2 4 4 0.58530737709483681981 0
3 5 5 2 5 2 0.58530737709483681981 0
3 5 5 2 5 4 -0.81081149123477677220 0
3 5 5 3 3 1 0.53350696016694129056 0
3 5 5 3 3 3 0.70271244245998769686 0
3 5 5 3 3 5 0.47070749586696428494 0
3 5 5 3 4 1 0.58530737709483681981 0
3 5 5 3 4 3 -0.70848461205783098409 0
3 5 5 3 4 5 0.39429028493690688680 0
3 5 5 3 5 1 0.61056170676827760716 0
3 5 5 3 5 3 0.06515195844472529453 0
3 5 5 3 5 5 -0.78928424825218992759 0
3 5 5 4 3 2 0.67364653234674742874 0
3 5 5 4 3 4 0.64578285956369228422 0
3 5 5 4 3 5 0.35939511369931430809 0
3 5 5 4 4 2 0.39429028493690688680 0
3 5 5 4 4 4 -0.72534113251296382804 0
3 5 5 4 4 5 0.56428309622846565159 0
3 5 5 4 5 2 -0.62508841027615873429 0
3 5 5 4 5 4 0.23842134925075719232 0
3 5 5 4 5 5 0.74324944639055945580 0
3 5 5 5 3 3 0.45379965054279742982 0
3 5 5 5 3 4 0.56428309622846565159 0
3 5 5 5 3 5 -0.68967417269175094568 0
3 5 5 5 4 3 0.56428309622846565159 0
3 5 5 5 4 4 0.41703550170625951112 0
3 5 5 5 4 5 0.71250682637250893493 0
3 5 5 5 5 3 -0.68967417269175094568 0
3 5 5 5 5 4 0.71250682637250893493 0
3 5 5 5 5 5 0.12916484775094305904 0
4 1 1 4 4 1 1.00000000000000000000 0
4 1 2 3 4 2 1.00000000000000000000 0
4 1 2 5 4 2 1.00000000000000000000 0
4 1 3 2 4 3 1.00000000000000000000 0
4 1 3 4 4 3 1.00000000000000000000 0
4 1 3 5 4 3 1.00000000000000000000 0
4 1 4 1 4 4 1.00000000000000000000 0
4 1 4 3 4 4 1.00000000000000000000 0
4 1 4 4 4 4 1.00000000000000000000 0
4 1 4 5 4 4 1.00000000000000000000 0
4 1 5 2 4 5 1.00000000000000000000 0
4 1 5 3 4 5 1.00000000000000000000 0
4 1 5 4 4 5 1.00000000000000000000 0
4 1 5 5 4 5 1.00000000000000000000 0
4 2 1 3 3 2 1.00000000000000000000 0
4 2 1 5 5 2 1.00000000000000000000 0
4 2 2 2 3 3 1.00000000000000000000 0
4 2 2 4 3 1 0.65799136535974451510 0
4 2 2 4 3 3 0.75302547308309511514 0
4 2 2 4 5 1 0.75302547308309511514 0
4 2 2 4 5 3 -0.65799136535974451510 0
4 2 2 5 5 3 1.00000000000000000000 0
4 2 3 1 3 4 1.00000000000000000000 0
4 2 3 3 3 2 0.47070749586696428494 0
4 2 3 3 3 4 -0.88228932518457447367 0
4 2 3 3 5 2 0.88228932518457447367 0
4 2 3 3 5 4 0.47070749586696428494 0
4 2 3 4 5 4 1.00000000000000000000 0
4 2 3 5 3 2 0.77094172570768305055 0
4 2 3 5 3 4 0.63690568812255052037 0
4 2 3 5 5 2 -0.63690568812255052037 0
4 2 3 5 5 4 0.77094172570768305055 0
4 2 4 2 3 3 0.30972146789057012811 0
4 2 4 2 3 5 0.95082733044844190422 0
4 2 4 2 5 3 0.95082733044844190422 0
4 2 4 2 5 5 -0.30972146789057012811 0
4 2 4 3 5 5 1.00000000000000000000 0
4 2 4 4 3 3 -0.59435114443714040900 0
4 2 4 4 3 5 0.80420564354290716420 0
4 2 4 4 5 3 0.80420564354290716420 0
4 2 4 4 5 5 0.59435114443714040900 0
4 2 4 5 3 3 0.83083002600377285105 0
4 2 4 5 3 5 0.55652625085486320490 0
4 2 4 5 5 3 0.55652625085486320490 0
4 2 4 5 5 5 -0.83083002600377285105 0
4 2 5 1 5 4 1.00000000000000000000 0
4 2 5 2 5 5 1.00000000000000000000 0
4 2 5 3 3 4 0.41130277654816183958 0
4 2 5 3 3 5 0.91149878003416595415 0
4 2 5 3 5 4 -0.91149878003416595415 0
4 2 5 3 5 5 0.41130277654816183958 0
4 2 5 4 3 4 0.87379695492337781317 0
4 2 5 4 3 5 0.48629094333190335702 0
4 2 5 4 5 4 -0.48629094333190335702 0
4 2 5 4 5 5 0.87379695492337781317 0
4 2 5 5 3 4 0.67364653234674742874 0
4 2 5 5 3 5 -0.73905368509818186967 0
4 2 5 5 5 4 0.73905368509818186967 0
4 2 5 5 5 5 0.67364653234674742874 0
4 3 1 2 2 3 1.00000000000000000000 0
4 3 1 4 4 3 1.00000000000000000000 0
4 3 1 5 5 3 1.00000000000000000000 0
4 3 2 1 2 4 1.00000000000000000000 0
4 3 2 3 2 2 0.71537032345342971911 0
4 3 2 3 2 4 0.69874551899968227385 0
4 3 2 3 4 2 0.69874551899968227385 0
4 3 2 3 4 4 -0.71537032345342971911 0
4 3 2 4 5 4 1.00000000000000000000 0
4 3 2 5 4 2 -0.53350696016694129056 0
4 3 2 5 4 4 0.84579567476632896240 0
4 3 2 5 5 2 0.84579567476632896240 0
4 3 2 5 5 4 0.53350696016694129056 0
4 3 3 2 2 3 0.47070749586696428494 0
4 3 3 2 2 5 0.88228932518457447367 0
4 3 3 2 4 3 -0.88228932518457447367 0
4 3 3 2 4 5 0.47070749586696428494 0
4 3 3 3 5 5 1.00000000000000000000 0
4 3 3 4 2 1 0.47070749586696428494 0
4 3 3 4 2 3 -0.68019365493126298924 0
4 3 3 4 2 5 0.56193508977986214805 0
4 3 3 4 4 1 0.61056170676827760716 0
4 3 3 4 4 3 -0.20864279283782704492 0
4 3 3 4 4 5 -0.76399122195548776995 0
4 3 3 4 5 1 0.63690568812255052037 0
4 3 3 4 5 3 0.70271244245998769686 0
4 3 3 4 5 5 0.31709047234040143780 0
4 3 3 5 4 3 0.67364653234674742874 0
4 3 3 5 4 5 0.73905368509818186967 0
4 3 3 5 5 3 -0.73905368509818186967 0
4 3 3 5 5 5 0.67364653234674742874 0
4 3 4 1 4 4 1.00000000000000000000 0
4 3 4 2 5 5 1.00000000000000000000 0
4 3 4 3 2 2 0.22156554666534819939 0
4 3 4 3 2 4 -0.55150883168325051759 0
4 3 4 3 2 5 0.80420564354290716420 0
4 3 4 3 4 2 -0.55150883168325051759 0
4 3 4 3 4 4 0.60926447933842465166 0
4 3 4 3 4 5 0.56976732338021489136 0
4 3 4 3 5 2 0.80420564354290716420 0
4 3 4 3 5 4 0.56976732338021489136 0
4 3 4 3 5 5 0.16916997399622714894 0
4 3 4 4 4 4 -0.76352111843336755794 0
4 3 4 4 4 5 0.64578285956369228422 0
4 3 4 4 5 4 0.64578285956369228422 0
4 3 4 4 5 5 0.76352111843336755794 0
4 3 4 5 2 2 0.59435114443714040900 0
4 3 4 5 2 4 0.65205917710044788546 0
4 3 4 5 2 5 0.47070749586696428494 0
4 3 4 5 4 2 0.65205917710044788546 0
4 3 4 5 4 4 -0.04815079497993783883 0
4 3 4 5 4 5 -0.75663751592284051439 0
4 3 4 5 5 2 0.47070749586696428494 0
4 3 4 5 5 4 -0.75663751592284051439 0
4 3 4 5 5 5 0.45379965054279742982 0
4 3 5 1 5 4 1.00000000000000000000 0
4 3 5 2 4 3 0.41130277654816183958 0
4 3 5 2 4 5 -0.91149878003416595415 0
4 3 5 2 5 3 0.91149878003416595415 0
4 3 5 2 5 5 0.41130277654816183958 0
4 3 5 3 4 4 0.54620034945720257017 0
4 3 5 3 4 5 0.83765456976777115413 0
4 3 5 3 5 4 0.83765456976777115413 0
4 3 5 3 5 5 -0.54620034945720257017 0
4 3 5 4 2 3 0.31709047234040143780 0
4 3 5 4 2 4 0.73905368509818186967 0
4 3 5 4 2 5 0.59435114443714040900 0
4 3 5 4 4 3 -0.66757320333289568078 0
4 3 5 4 4 4 0.61907169662620335750 0
4 3 5 4 4 5 -0.41363782784969069313 0
4 3 5 4 5 3 0.67364653234674742874 0
4 3 5 4 5 4 0.26561228318575830558 0
4 3 5 4 5 5 -0.68967417269175094568 0
4 3 5 5 2 3 0.67364653234674742874 0
4 3 5 5 2 4 0.39429028493690688680 0
4 3 5 5 2 5 -0.62508841027615873429 0
4 3 5 5 4 3 0.64578285956369228422 0
4 3 5 5 4 4 -0.72534113251296382804 0
4 3 5 5 4 5 0.23842134925075719232 0
4 3 5 5 5 3 0.35939511369931430809 0
4 3 5 5 5 4 0.56428309622846565159 0
4 3 5 5 5 5 0.74324944639055945580 0
4 4 1 1 1 4 1.00000000000000000000 0
4 4 1 3 3 4 1.00000000000000000000 0
4 4 1 4 4 4 1.00000000000000000000 0
4 4 1 5 5 4 1.00000000000000000000 0
4 4 2 2 1 3 0.65799136535974451510 0
4 4 2 2 1 5 0.75302547308309511514 0
4 4 2 2 3 3 0.75302547308309511514 0
4 4 2 2 3 5 -0.65799136535974451510 0
4 4 2 3 4 5 1.00000000000000000000 0
4 4 2 4 3 3 -0.59435114443714040900 0
4 4 2 4 3 5 0.80420564354290716420 0
4 4 2 4 5 3 0.80420564354290716420 0
4 4 2 4 5 5 0.59435114443714040900 0
4 4 2 5 4 3 0.87379695492337781317 0
4 4 2 5 4 5 -0.48629094333190335702 0
4 4 2 5 5 3 0.48629094333190335702 0
4 4 2 5 5 5 0.87379695492337781317 0
4 4 3 1 3 4 1.00000000000000000000 0
4 4 3 2 4 5 1.00000000000000000000 0
4 4 3 3 1 2 0.47070749586696428494 0
4 4 3 3 1 4 0.61056170676827760716 0
4 4 3 3 1 5 0.63690568812255052037 0
4 4 3 3 3 2 -0.68019365493126298924 0
4 4 3 3 3 4 -0.20864279283782704492 0
4 4 3 3 3 5 0.70271244245998769686 0
4 4 3 3 5 2 0.56193508977986214805 0
4 4 3 3 5 4 -0.76399122195548776995 0
4 4 3 3 5 5 0.31709047234040143780 0
4 4 3 4 4 4 -0.76352111843336755794 0
4 4 3 4 4 5 0.64578285956369228422 0
4 4 3 4 5 4 0.64578285956369228422 0
4 4 3 4 5 5 0.76352111843336755794 0
4 4 3 5 3 2 0.31709047234040143780 0
4 4 3 5 3 4 -0.66757320333289568078 0
4 4 3 5 3 5 0.67364653234674742874 0
4 4 3 5 4 2 0.73905368509818186967 0
4 4 3 5 4 4 0.61907169662620335750 0
4 4 3 5 4 5 0.26561228318575830558 0
4 4 3 5 5 2 0.59435114443714040900 0
4 4 3 5 5 4 -0.41363782784969069313 0
4 4 3 5 5 5 -0.68967417269175094568 0
4 4 4 1 4 4 1.00000000000000000000 0
4 4 4 2 3 3 -0.59435114443714040900 0
4 4 4 2 3 5 0.80420564354290716420 0
4 4 4 2 5 3 0.80420564354290716420 0
4 4 4 2 5 5 0.59435114443714040900 0
4 4 4 3 4 4 -0.76352111843336755794 0
4 4 4 3 4 5 0.64578285956369228422 0
4 4 4 3 5 4 0.64578285956369228422 0
4 4 4 3 5 5 0.76352111843336755794 0
4 4 4 4 1 1 0.30972146789057012811 0
4 4 4 4 1 3 0.50727299871119601871 0
4 4 4 4 1 4 0.55652625085486320490 0
4 4 4 4 1 5 0.58053875772052578034 0
4 4 4 4 3 1 0.50727299871119601871 0
4 4 4 4 3 3 0.50619522321191848027 0
4 4 4 4 3 4 -0.69594856798233646788 0
4 4 4 4 3 5 -0.04578309184974453305 0
4 4 4 4 4 1 0.55652625085486320490 0
4 4 4 4 4 3 -0.69594856798233646788 0
4 4 4 4 4 4 -0.12916484775094305904 0
4 4 4 4 4 5 0.43502938399404788646 0
4 4 4 4 5 1 0.58053875772052578034 0
4 4 4 4 5 3 -0.04578309184974453305 0
4 4 4 4 5 4 0.43502938399404788646 0
4 4 4 4 5 5 -0.68675184335154554934 0
4 4 4 5 3 3 0.45379965054279742982 0
4 4 4 5 3 4 0.56428309622846565159 0
4 4 4 5 3 5 -0.68967417269175094568 0
4 4 4 5 4 3 0.56428309622846565159 0
4 4 4 5 4 4 0.41703550170625951112 0
4 4 4 5 4 5 0.71250682637250893493 0
4 4 4 5 5 3 -0.68967417269175094568 0
4 4 4 5 5 4 0.71250682637250893493 0
4 4 4 5 5 5 0.12916484775094305904 0
4 4 5 1 5 4 1.00000000000000000000 0
4 4 5 2 4 3 0.87379695492337781317 0
4 4 5 2 4 5 -0.48629094333190335702 0
4 4 5 2 5 3 0.48629094333190335702 0
4 4 5 2 5 5 0.87379695492337781317 0
4 4 5 3 3 2 0.31709047234040143780 0
4 4 5 3 3 4 -0.66757320333289568078 0
4 4 5 3 3 5 0.67364653234674742874 0
4 4 5 3 4 2 0.73905368509818186967 0
4 4 5 3 4 4 0.61907169662620335750 0
4 4 5 3 4 5 0.26561228318575830558 0
4 4 5 3 5 2 0.59435114443714040900 0
4 4 5 3 5 4 -0.41363782784969069313 0
4 4 5 3 5 5 -0.68967417269175094568 0
4 4 5 4 3 3 0.45379965054279742982 0
4 4 5 4 3 4 0.56428309622846565159 0
4 4 5 4 3 5 -0.68967417269175094568 0
4 4 5 4 4 3 0.56428309622846565159 0
4 4 5 4 4 4 0.41703550170625951112 0
4 4 5 4 4 5 0.71250682637250893493 0
4 4 5 4 5 3 -0.68967417269175094568 0
4 4 5 4 5 4 0.71250682637250893493 0
4 4 5 4 5 5 0.12916484775094305904 0
4 4 5 5 1 2 0.41130277654816183958 0
4 4 5 5 1 3 0.48629094333190335702 0
4 4 5 5 1 4 0.53350696016694129056 0
4 4 5 5 1 5 0.55652625085486320490 0
4 4 5 5 3 2 -0.61402799240830659480 0
4 4 5 5 3 3 0.66716242830676828474 0
4 4 5 5 3 4 -0.36143547441618009042 0
4 4 5 5 3 5 0.21732076897616498777 0
4 4 5 5 4 2 -0.35939511369931430809 0
4 4 5 5 4 3 0.23209120423796151280 0
4 4 5 5 4 4 0.68303579651865425665 0
4 4 5 5 4 5 -0.59197206508293726622 0
4 4 5 5 5 2 0.56976732338021489136 0
4 4 5 5 5 3 0.51434335380614831309 0
4 4 5 5 5 4 -0.34379764682311030047 0
4 4 5 5 5 5 -0.54094296339122563979 0
4 5 1 2 2 5 1.00000000000000000000 0
4 5 1 3 3 5 1.00000000000000000000 0
4 5 1 4 4 5 1.00000000000000000000 0
4 5 1 5 5 5 1.00000000000000000000 0
4 5 2 1 2 4 1.00000000000000000000 0
4 5 2 2 3 5 1.00000000000000000000 0
4 5 2 3 2 4 -0.53350696016694129056 0
4 5 2 3 2 5 0.84579567476632896240 0
4 5 2 3 4 4 0.84579567476632896240 0
4 5 2 3 4 5 0.53350696016694129056 0
4 5 2 4 3 4 0.87379695492337781317 0
4 5 2 4 3 5 0.48629094333190335702 0
4 5 2 4 5 4 -0.48629094333190335702 0
4 5 2 4 5 5 0.87379695492337781317 0
4 5 2 5 4 4 0.54620034945720257017 0
4 5 2 5 4 5 0.83765456976777115413 0
4 5 2 5 5 4 0.83765456976777115413 0
4 5 2 5 5 5 -0.54620034945720257017 0
4 5 3 1 3 4 1.00000000000000000000 0
4 5 3 2 2 3 0.77094172570768305055 0
4 5 3 2 2 5 -0.63690568812255052037 0
4 5 3 2 4 3 0.63690568812255052037 0
4 5 3 2 4 5 0.77094172570768305055 0
4 5 3 3 3 4 0.67364653234674742874 0
4 5 3 3 3 5 -0.73905368509818186967 0
4 5 3 3 5 4 0.73905368509818186967 0
4 5 3 3 5 5 0.67364653234674742874 0
4 5 3 4 2 3 0.31709047234040143780 0
4 5 3 4 2 4 0.73905368509818186967 0
4 5 3 4 2 5 0.59435114443714040900 0
4 5 3 4 4 3 -0.66757320333289568078 0
4 5 3 4 4 4 0.61907169662620335750 0
4 5 3 4 4 5 -0.41363782784969069313 0
4 5 3 4 5 3 0.67364653234674742874 0
4 5 3 4 5 4 0.26561228318575830558 0
4 5 3 4 5 5 -0.68967417269175094568 0
4 5 3 5 3 3 0.76352111843336755794 0
4 5 3 5 3 4 0.26561228318575830558 0
4 5 3 5 3 5 0.58863028865928063693 0
4 5 3 5 4 3 0.26561228318575830558 0
4 5 3 5 4 4 0.70166517825282979200 0
4 5 3 5 4 5 -0.66114755739416683532 0
4 5 3 5 5 3 0.58863028865928063693 0
4 5 3 5 5 4 -0.66114755739416683532 0
4 5 3 5 5 5 -0.46518629668619734995 0
4 5 4 1 4 4 1.00000000000000000000 0
4 5 4 2 3 3 0.83083002600377285105 0
4 5 4 2 3 5 0.55652625085486320490 0
4 5 4 2 5 3 0.55652625085486320490 0
4 5 4 2 5 5 -0.83083002600377285105 0
4 5 4 3 2 2 0.59435114443714040900 0
4 5 4 3 2 4 0.65205917710044788546 0
4 5 4 3 2 5 0.47070749586696428494 0
4 5 4 3 4 2 0.65205917710044788546 0
4 5 4 3 4 4 -0.04815079497993783883 0
4 5 4 3 4 5 -0.75663751592284051439 0
4 5 4 3 5 2 0.47070749586696428494 0
4 5 4 3 5 4 -0.75663751592284051439 0
4 5 4 3 5 5 0.45379965054279742982 0
4 5 4 4 3 3 0.45379965054279742982 0
4 5 4 4 3 4 0.56428309622846565159 0
4 5 4 4 3 5 -0.68967417269175094568 0
4 5 4 4 4 3 0.56428309622846565159 0
4 5 4 4 4 4 0.41703550170625951112 0
4 5 4 4 4 5 0.71250682637250893493 0
4 5 4 4 5 3 -0.68967417269175094568 0
4 5 4 4 5 4 0.71250682637250893493 0
4 5 4 4 5 5 0.12916484775094305904 0
4 5 4 5 2 2 -0.16916997399622714894 0
4 5 4 5 2 3 0.64578285956369228422 0
4 5 4 5 2 4 0.42108863999267529264 0
4 5 4 5 2 5 -0.61402799240830659480 0
4 5 4 5 3 2 0.64578285956369228422 0
4 5 4 5 3 3 0.12916484775094305904 0
4 5 4 5 3 4 0.63956695396990994727 0
4 5 4 5 3 5 0.39652875278958936976 0
4 5 4 5 4 2 0.42108863999267529264 0
4 5 4 5 4 3 0.63956695396990994727 0
4 5 4 5 4 4 -0.63111529327367832770 0
4 5 4 5 4 5 0.12382227285447956845 0
4 5 4 5 5 2 -0.61402799240830659480 0
4 5 4 5 5 3 0.39652875278958936976 0
4 5 4 5 5 4 0.12382227285447956845 0
4 5 4 5 5 5 0.67112041951896241760 0
4 5 5 1 5 4 1.00000000000000000000 0
4 5 5 2 4 3 0.67364653234674742874 0
4 5 5 2 4 5 0.73905368509818186967 0
4 5 5 2 5 3 -0.73905368509818186967 0
4 5 5 2 5 5 0.67364653234674742874 0
4 5 5 3 3 2 0.67364653234674742874 0
4 5 5 3 3 4 0.64578285956369228422 0
4 5 5 3 3 5 0.35939511369931430809 0
4 5 5 3 4 2 0.39429028493690688680 0
4 5 5 3 4 4 -0.72534113251296382804 0
4 5 5 3 4 5 0.56428309622846565159 0
4 5 5 3 5 2 -0.62508841027615873429 0
4 5 5 3 5 4 0.23842134925075719232 0
4 5 5 3 5 5 0.74324944639055945580 0
4 5 5 4 2 1 0.41130277654816183958 0
4 5 5 4 2 3 -0.61402799240830659480 0
4 5 5 4 2 4 -0.35939511369931430809 0
4 5 5 4 2 5 0.56976732338021489136 0
4 5 5 4 3 1 0.48629094333190335702 0
4 5 5 4 3 3 0.66716242830676828474 0
4 5 5 4 3 4 0.23209120423796151280 0
4 5 5 4 3 5 0.51434335380614831309 0
4 5 5 4 4 1 0.53350696016694129056 0
4 5 5 4 4 3 -0.36143547441618009042 0
4 5 5 4 4 4 0.68303579651865425665 0
4 5 5 4 4 5 -0.34379764682311030047 0
4 5 5 4 5 1 0.55652625085486320490 0
4 5 5 4 5 3 0.21732076897616498777 0
4 5 5 4 5 4 -0.59197206508293726622 0
4 5 5 4 5 5 -0.54094296339122563979 0
4 5 5 5 2 2 0.54620034945720257017 0
4 5 5 5 2 3 0.26561228318575830558 0
4 5 5 5 2 4 0.61907169662620335750 0
4 5 5 5 2 5 0.49786095218447526102 0
4 5 5 5 3 2 0.26561228318575830558 0
4 5 5 5 3 3 -0.41703550170625951112 0
4 5 5 5 3 4 -0.57770872240605214381 0
4 5 5 5 3 5 0.64944910300455719529 0
4 5 5 5 4 2 0.61907169662620335750 0
4 5 5 5 4 3 -0.57770872240605214381 0
4 5 5 5 4 4 0.11870067995908930313 0
4 5 5 5 4 5 -0.51856823569282651854 0
4 5 5 5 5 2 0.49786095218447526102 0
4 5 5 5 5 3 0.64944910300455719529 0
4 5 5 5 5 4 -0.51856823569282651854 0
4 5 5 5 5 5 -0.24786552771003236217 0
5 1 1 5 5 1 1.00000000000000000000 0
5 1 2 4 5 2 1.00000000000000000000 0
5 1 2 5 5 2 1.00000000000000000000 0
5 1 3 3 5 3 1.00000000000000000000 0
5 1 3 4 5 3 1.00000000000000000000 0
5 1 3 5 5 3 1.00000000000000000000 0
5 1 4 2 5 4 1.00000000000000000000 0
5 1 4 3 5 4 1.00000000000000000000 0
5 1 4 4 5 4 1.00000000000000000000 0
5 1 4 5 5 4 1.00000000000000000000 0
5 1 5 1 5 5 1.00000000000000000000 0
5 1 5 2 5 5 1.00000000000000000000 0
5 1 5 3 5 5 1.00000000000000000000 0
5 1 5 4 5 5 1.00000000000000000000 0
5 1 5 5 5 5 1.00000000000000000000 0
5 2 1 4 4 2 1.00000000000000000000 0
5 2 1 5 5 2 1.00000000000000000000 0
5 2 2 3 4 3 1.00000000000000000000 0
5 2 2 4 5 3 1.00000000000000000000 0
5 2 2 5 4 1 0.69201982766883007645 0
5 2 2 5 4 3 -0.72187849262407224244 0
5 2 2 5 5 1 0.72187849262407224244 0
5 2 2 5 5 3 0.69201982766883007645 0
5 2 3 2 4 4 1.00000000000000000000 0
5 2 3 3 5 4 1.00000000000000000000 0
5 2 3 4 4 2 -0.53350696016694129056 0
5 2 3 4 4 4 0.84579567476632896240 0
5 2 3 4 5 2 0.84579567476632896240 0
5 2 3 4 5 4 0.53350696016694129056 0
5 2 3 5 4 2 0.81081149123477677220 0
5 2 3 5 4 4 0.58530737709483681981 0
5 2 3 5 5 2 0.58530737709483681981 0
5 2 3 5 5 4 -0.81081149123477677220 0
5 2 4 1 4 5 1.00000000000000000000 0
5 2 4 2 5 5 1.00000000000000000000 0
5 2 4 3 4 3 0.41130277654816183958 0
5 2 4 3 4 5 -0.91149878003416595415 0
5 2 4 3 5 3 0.91149878003416595415 0
5 2 4 3 5 5 0.41130277654816183958 0
5 2 4 4 4 3 0.87379695492337781317 0
5 2 4 4 4 5 -0.48629094333190335702 0
5 2 4 4 5 3 0.48629094333190335702 0
5 2 4 4 5 5 0.87379695492337781317 0
5 2 4 5 4 3 0.67364653234674742874 0
5 2 4 5 4 5 0.73905368509818186967 0
5 2 4 5 5 3 -0.73905368509818186967 0
5 2 4 5 5 5 0.67364653234674742874 0
5 2 5 1 5 5 1.00000000000000000000 0
5 2 5 2 4 4 -0.28462967654657028088 0
5 2 5 2 4 5 0.95863754737074365221 0
5 2 5 2 5 4 0.95863754737074365221 0
5 2 5 2 5 5 0.28462967654657028088 0
5 2 5 3 4 4 0.91898594722899477978 0
5 2 5 3 4 5 0.39429028493690688680 0
5 2 5 3 5 4 0.39429028493690688680 0
5 2 5 3 5 5 -0.91898594722899477978 0
5 2 5 4 4 4 0.54620034945720257017 0
5 2 5 4 4 5 0.83765456976777115413 0
5 2 5 4 5 4 0.83765456976777115413 0
5 2 5 4 5 5 -0.54620034945720257017 0
5 2 5 5 4 4 -0.76352111843336755794 0
5 2 5 5 4 5 0.64578285956369228422 0
5 2 5 5 5 4 0.64578285956369228422 0
5 2 5 5 5 5 0.76352111843336755794 0
5 3 1 3 3 3 1.00000000000000000000 0
5 3 1 4 4 3 1.00000000000000000000 0
5 3 1 5 5 3 1.00000000000000000000 0
5 3 2 2 3 4 1.00000000000000000000 0
5 3 2 3 4 4 1.00000000000000000000 0
5 3 2 4 3 2 0.77094172570768305055 0
5 3 2 4 3 4 0.63690568812255052037 0
5 3 2 4 5 2 -0.63690568812255052037 0
5 3 2 4 5 4 0.77094172570768305055 0
5 3 2 5 4 2 0.81081149123477677220 0
5 3 2 5 4 4 0.58530737709483681981 0
5 3 2 5 5 2 0.58530737709483681981 0
5 3 2 5 5 4 -0.81081149123477677220 0
5 3 3 1 3 5 1.00000000000000000000 0
5 3 3 2 4 5 1.00000000000000000000 0
5 3 3 3 3 3 -0.59435114443714040900 0
5 3 3 3 3 5 0.80420564354290716420 0
5 3 3 3 5 3 0.80420564354290716420 0
5 3 3 3 5 5 0.59435114443714040900 0
5 3 3 4 4 3 0.67364653234674742874 0
5 3 3 4 4 5 0.73905368509818186967 0
5 3 3 4 5 3 -0.73905368509818186967 0
5 3 3 4 5 5 0.67364653234674742874 0
5 3 3 5 3 1 0.53350696016694129056 0
5 3 3 5 3 3 0.70271244245998769686 0
5 3 3 5 3 5 0.47070749586696428494 0
5 3 3 5 4 1 0.58530737709483681981 0
5 3 3 5 4 3 -0.70848461205783098409 0
5 3 3 5 4 5 0.39429028493690688680 0
5 3 3 5 5 1 0.61056170676827760716 0
5 3 3 5 5 3 0.06515195844472529453 0
5 3 3 5 5 5 -0.78928424825218992759 0
5 3 4 1 4 5 1.00000000000000000000 0
5 3 4 2 3 4 0.41130277654816183958 0
5 3 4 2 3 5 0.91149878003416595415 0
5 3 4 2 5 4 -0.91149878003416595415 0
5 3 4 2 5 5 0.41130277654816183958 0
5 3 4 3 4 4 0.54620034945720257017 0
5 3 4 3 4 5 0.83765456976777115413 0
5 3 4 3 5 4 0.83765456976777115413 0
5 3 4 3 5 5 -0.54620034945720257017 0
5 3 4 4 3 2 0.31709047234040143780 0
5 3 4 4 3 4 -0.66757320333289568078 0
5 3 4 4 3 5 0.67364653234674742874 0
5 3 4 4 4 2 0.73905368509818186967 0
5 3 4 4 4 4 0.61907169662620335750 0
5 3 4 4 4 5 0.26561228318575830558 0
5 3 4 4 5 2 0.59435114443714040900 0
5 3 4 4 5 4 -0.41363782784969069313 0
5 3 4 4 5 5 -0.68967417269175094568 0
5 3 4 5 3 2 0.67364653234674742874 0
5 3 4 5 3 4 0.64578285956369228422 0
5 3 4 5 3 5 0.35939511369931430809 0
5 3 4 5 4 2 0.39429028493690688680 0
5 3 4 5 4 4 -0.72534113251296382804 0
5 3 4 5 4 5 0.56428309622846565159 0
5 3 4 5 5 2 -0.62508841027615873429 0
5 3 4 5 5 4 0.23842134925075719232 0
5 3 4 5 5 5 0.74324944639055945580 0
5 3 5 1 5 5 1.00000000000000000000 0
5 3 5 2 4 4 0.91898594722899477978 0
5 3 5 2 4 5 0.39429028493690688680 0
5 3 5 2 5 4 0.39429028493690688680 0
5 3 5 2 5 5 -0.91898594722899477978 0
5 3 5 3 3 3 0.16916997399622714894 0
5 3 5 3 3 4 0.83765456976777115413 0
5 3 5 3 3 5 0.51934222016439799386 0
5 3 5 3 4 3 0.83765456976777115413 0
5 3 5 3 4 4 0.15546482879562722183 0
5 3 5 3 4 5 -0.52360816337669576574 0
5 3 5 3 5 3 0.51934222016439799386 0
5 3 5 3 5 4 -0.52360816337669576574 0
5 3 5 3 5 5 0.67536519720814562922 0
5 3 5 4 3 3 0.76352111843336755794 0
5 3 5 4 3 4 0.26561228318575830558 0
5 3 5 4 3 5 0.58863028865928063693 0
5 3 5 4 4 3 0.26561228318575830558 0
5 3 5 4 4 4 0.70166517825282979200 0
5 3 5 4 4 5 -0.66114755739416683532 0
5 3 5 4 5 3 0.58863028865928063693 0
5 3 5 4 5 4 -0.66114755739416683532 0
5 3 5 4 5 5 -0.46518629668619734995 0
5 3 5 5 3 3 0.45379965054279742982 0
5 3 5 5 3 4 0.56428309622846565159 0
5 3 5 5 3 5 -0.68967417269175094568 0
5 3 5 5 4 3 0.56428309622846565159 0
5 3 5 5 4 4 0.41703550170625951112 0
5 3 5 5 4 5 0.71250682637250893493 0
5 3 5 5 5 3 -0.68967417269175094568 0
5 3 5 5 5 4 0.71250682637250893493 0
5 3 5 5 5 5 0.12916484775094305904 0
5 4 1 2 2 4 1.00000000000000000000 0
5 4 1 3 3 4 1.00000000000000000000 0
5 4 1 4 4 4 1.00000000000000000000 0
5 4 1 5 5 4 1.00000000000000000000 0
5 4 2 1 2 5 1.00000000000000000000 0
5 4 2 2 3 5 1.00000000000000000000 0
5 4 2 3 2 3 0.77094172570768305055 0
5 4 2 3 2 5 -0.63690568812255052037 0
5 4 2 3 4 3 0.63690568812255052037 0
5 4 2 3 4 5 0.77094172570768305055 0
5 4 2 4 3 3 0.83083002600377285105 0
5 4 2 4 3 5 0.55652625085486320490 0
5 4 2 4 5 3 0.55652625085486320490 0
5 4 2 4 5 5 -0.83083002600377285105 0
5 4 2 5 4 3 0.67364653234674742874 0
5 4 2 5 4 5 0.73905368509818186967 0
5 4 2 5 5 3 -0.73905368509818186967 0
5 4 2 5 5 5 0.67364653234674742874 0
5 4 3 1 3 5 1.00000000000000000000 0
5 4 3 2 2 4 -0.53350696016694129056 0
5 4 3 2 2 5 0.84579567476632896240 0
5 4 3 2 4 4 0.84579567476632896240 0
5 4 3 2 4 5 0.53350696016694129056 0
5 4 3 3 3 4 0.67364653234674742874 0
5 4 3 3 3 5 -0.73905368509818186967 0
5 4 3 3 5 4 0.73905368509818186967 0
5 4 3 3 5 5 0.67364653234674742874 0
5 4 3 4 2 2 0.59435114443714040900 0
5 4 3 4 2 4 0.65205917710044788546 0
5 4 3 4 2 5 0.47070749586696428494 0
5 4 3 4 4 2 0.65205917710044788546 0
5 4 3 4 4 4 -0.04815079497993783883 0
5 4 3 4 4 5 -0.75663751592284051439 0
5 4 3 4 5 2 0.47070749586696428494 0
5 4 3 4 5 4 -0.75663751592284051439 0
5 4 3 4 5 5 0.45379965054279742982 0
5 4 3 5 3 2 0.67364653234674742874 0
5 4 3 5 3 4 0.64578285956369228422 0
5 4 3 5 3 5 0.35939511369931430809 0
5 4 3 5 4 2 0.39429028493690688680 0
5 4 3 5 4 4 -0.72534113251296382804 0
5 4 3 5 4 5 0.56428309622846565159 0
5 4 3 5 5 2 -0.62508841027615873429 0
5 4 3 5 5 4 0.23842134925075719232 0
5 4 3 5 5 5 0.74324944639055945580 0
5 4 4 1 4 5 1.00000000000000000000 0
5 4 4 2 3 4 0.87379695492337781317 0
5 4 4 2 3 5 0.48629094333190335702 0
5 4 4 2 5 4 -0.48629094333190335702 0
5 4 4 2 5 5 0.87379695492337781317 0
5 4 4 3 2 3 0.31709047234040143780 0
5 4 4 3 2 4 0.73905368509818186967 0
5 4 4 3 2 5 0.59435114443714040900 0
5 4 4 3 4 3 -0.66757320333289568078 0
5 4 4 3 4 4 0.61907169662620335750 0
5 4 4 3 4 5 -0.41363782784969069313 0
5 4 4 3 5 3 0.67364653234674742874 0
5 4 4 3 5 4 0.26561228318575830558 0
5 4 4 3 5 5 -0.68967417269175094568 0
5 4 4 4 3 3 0.45379965054279742982 0
5 4 4 4 3 4 0.56428309622846565159 0
5 4 4 4 3 5 -0.68967417269175094568 0
5 4 4 4 4 3 0.56428309622846565159 0
5 4 4 4 4 4 0.41703550170625951112 0
5 4 4 4 4 5 0.71250682637250893493 0
5 4 4 4 5 3 -0.68967417269175094568 0
5 4 4 4 5 4 0.71250682637250893493 0
5 4 4 4 5 5 0.12916484775094305904 0
5 4 4 5 2 1 0.41130277654816183958 0
5 4 4 5 2 3 -0.61402799240830659480 0
5 4 4 5 2 4 -0.35939511369931430809 0
5 4 4 5 2 5 0.56976732338021489136 0
5 4 4 5 3 1 0.48629094333190335702 0
5 4 4 5 3 3 0.66716242830676828474 0
5 4 4 5 3 4 0.23209120423796151280 0
5 4 4 5 3 5 0.51434335380614831309 0
5 4 4 5 4 1 0.53350696016694129056 0
5 4 4 5 4 3 -0.36143547441618009042 0
5 4 4 5 4 4 0.68303579651865425665 0
5 4 4 5 4 5 -0.34379764682311030047 0
5 4 4 5 5 1 0.55652625085486320490 0
5 4 4 5 5 3 0.21732076897616498777 0
5 4 4 5 5 4 -0.59197206508293726622 0
5 4 4 5 5 5 -0.54094296339122563979 0
5 4 5 1 5 5 1.00000000000000000000 0
5 4 5 2 4 4 0.54620034945720257017 0
5 4 5 2 4 5 0.83765456976777115413 0
5 4 5 2 5 4 0.83765456976777115413 0
5 4 5 2 5 5 -0.54620034945720257017 0
5 4 5 3 3 3 0.76352111843336755794 0
5 4 5 3 3 4 0.26561228318575830558 0
5 4 5 3 3 5 0.58863028865928063693 0
5 4 5 3 4 3 0.26561228318575830558 0
5 4 5 3 4 4 0.70166517825282979200 0
5 4 5 3 4 5 -0.66114755739416683532 0
5 4 5 3 5 3 0.58863028865928063693 0
5 4 5 3 5 4 -0.66114755739416683532 0
5 4 5 3 5 5 -0.46518629668619734995 0
5 4 5 4 2 2 -0.16916997399622714894 0
5 4 5 4 2 3 0.64578285956369228422 0
5 4 5 4 2 4 0.42108863999267529264 0
5 4 5 4 2 5 -0.61402799240830659480 0
5 4 5 4 3 2 0.64578285956369228422 0
5 4 5 4 3 3 0.12916484775094305904 0
5 4 5 4 3 4 0.63956695396990994727 0
5 4 5 4 3 5 0.39652875278958936976 0
5 4 5 4 4 2 0.42108863999267529264 0
5 4 5 4 4 3 0.63956695396990994727 0
5 4 5 4 4 4 -0.63111529327367832770 0
5 4 5 4 4 5 0.12382227285447956845 0
5 4 5 4 5 2 -0.61402799240830659480 0
5 4 5 4 5 3 0.39652875278958936976 0
5 4 5 4 5 4 0.12382227285447956845 0
5 4 5 4 5 5 0.67112041951896241760 0
5 4 5 5 2 2 0.54620034945720257017 0
5 4 5 5 2 3 0.26561228318575830558 0
5 4 5 5 2 4 0.61907169662620335750 0
5 4 5 5 2 5 0.49786095218447526102 0
5 4 5 5 3 2 0.26561228318575830558 0
5 4 5 5 3 3 -0.41703550170625951112 0
5 4 5 5 3 4 -0.57770872240605214381 0
5 4 5 5 3 5 0.64944910300455719529 0
5 4 5 5 4 2 0.61907169662620335750 0
5 4 5 5 4 3 -0.57770872240605214381 0
5 4 5 5 4 4 0.11870067995908930313 0
5 4 5 5 4 5 -0.51856823569282651854 0
5 4 5 5 5 2 0.49786095218447526102 0
5 4 5 5 5 3 0.64944910300455719529 0
5 4 5 5 5 4 -0.51856823569282651854 0
5 4 5 5 5 5 -0.24786552771003236217 0
5 5 1 1 1 5 1.00000000000000000000 0
5 5 1 2 2 5 1.00000000000000000000 0
5 5 1 3 3 5 1.00000000000000000000 0
5 5 1 4 4 5 1.00000000000000000000 0
5 5 1 5 5 5 1.00000000000000000000 0
5 5 2 1 2 5 1.00000000000000000000 0
5 5 2 2 1 4 0.69201982766883007645 0
5 5 2 2 1 5 0.72187849262407224244 0
5 5 2 2 3 4 -0.72187849262407224244 0
5 5 2 2 3 5 0.69201982766883007645 0
5 5 2 3 2 4 0.81081149123477677220 0
5 5 2 3 2 5 0.58530737709483681981 0
5 5 2 3 4 4 0.58530737709483681981 0
5 5 2 3 4 5 -0.81081149123477677220 0
5 5 2 4 3 4 0.67364653234674742874 0
5 5 2 4 3 5 -0.73905368509818186967 0
5 5 2 4 5 4 0.73905368509818186967 0
5 5 2 4 5 5 0.67364653234674742874 0
5 5 2 5 4 4 -0.76352111843336755794 0
5 5 2 5 4 5 0.64578285956369228422 0
5 5 2 5 5 4 0.64578285956369228422 0
5 5 2 5 5 5 0.76352111843336755794 0
5 5 3 1 3 5 1.00000000000000000000 0
5 5 3 2 2 4 0.81081149123477677220 0
5 5 3 2 2 5 0.58530737709483681981 0
5 5 3 2 4 4 0.58530737709483681981 0
5 5 3 2 4 5 -0.81081149123477677220 0
5 5 3 3 1 3 0.53350696016694129056 0
5 5 3 3 1 4 0.58530737709483681981 0
5 5 3 3 1 5 0.61056170676827760716 0
5 5 3 3 3 3 0.70271244245998769686 0
5 5 3 3 3 4 -0.70848461205783098409 0
5 5 3 3 3 5 0.06515195844472529453 0
5 5 3 3 5 3 0.47070749586696428494 0
5 5 3 3 5 4 0.39429028493690688680 0
5 5 3 3 5 5 -0.78928424825218992759 0
5 5 3 4 2 3 0.67364653234674742874 0
5 5 3 4 2 4 0.39429028493690688680 0
5 5 3 4 2 5 -0.62508841027615873429 0
5 5 3 4 4 3 0.64578285956369228422 0
5 5 3 4 4 4 -0.72534113251296382804 0
5 5 3 4 4 5 0.23842134925075719232 0
5 5 3 4 5 3 0.35939511369931430809 0
5 5 3 4 5 4 0.56428309622846565159 0
5 5 3 4 5 5 0.74324944639055945580 0
5 5 3 5 3 3 0.45379965054279742982 0
5 5 3 5 3 4 0.56428309622846565159 0
5 5 3 5 3 5 -0.68967417269175094568 0
5 5 3 5 4 3 0.56428309622846565159 0
5 5 3 5 4 4 0.41703550170625951112 0
5 5 3 5 4 5 0.71250682637250893493 0
5 5 3 5 5 3 -0.68967417269175094568 0
5 5 3 5 5 4 0.71250682637250893493 0
5 5 3 5 5 5 0.12916484775094305904 0
5 5 4 1 4 5 1.00000000000000000000 0
5 5 4 2 3 4 0.67364653234674742874 0
5 5 4 2 3 5 -0.73905368509818186967 0
5 5 4 2 5 4 0.73905368509818186967 0
5 5 4 2 5 5 0.67364653234674742874 0
5 5 4 3 2 3 0.67364653234674742874 0
5 5 4 3 2 4 0.39429028493690688680 0
5 5 4 3 2 5 -0.62508841027615873429 0
5 5 4 3 4 3 0.64578285956369228422 0
5 5 4 3 4 4 -0.72534113251296382804 0
5 5 4 3 4 5 0.23842134925075719232 0
5 5 4 3 5 3 0.35939511369931430809 0
5 5 4 3 5 4 0.56428309622846565159 0
5 5 4 3 5 5 0.74324944639055945580 0
5 5 4 4 1 2 0.41130277654816183958 0
5 5 4 4 1 3 0.48629094333190335702 0
5 5 4 4 1 4 0.53350696016694129056 0
5 5 4 4 1 5 0.55652625085486320490 0
5 5 4 4 3 2 -0.61402799240830659480 0
5 5 4 4 3 3 0.66716242830676828474 0
5 5 4 4 3 4 -0.36143547441618009042 0
5 5 4 4 3 5 0.21732076897616498777 0
5 5 4 4 4 2 -0.35939511369931430809 0
5 5 4 4 4 3 0.23209120423796151280 0
5 5 4 4 4 4 0.68303579651865425665 0
5 5 4 4 4 5 -0.59197206508293726622 0
5 5 4 4 5 2 0.56976732338021489136 0
5 5 4 4 5 3 0.51434335380614831309 0
5 5 4 4 5 4 -0.34379764682311030047 0
5 5 4 4 5 5 -0.54094296339122563979 0
5 5 4 5 2 2 0.54620034945720257017 0
5 5 4 5 2 3 0.26561228318575830558 0
5 5 4 5 2 4 0.61907169662620335750 0
5 5 4 5 2 5 0.49786095218447526102 0
5 5 4 5 3 2 0.26561228318575830558 0
5 5 4 5 3 3 -0.41703550170625951112 0
5 5 4 5 3 4 -0.57770872240605214381 0
5 5 4 5 3 5 0.64944910300455719529 0
5 5 4 5 4 2 0.61907169662620335750 0
5 5 4 5 4 3 -0.57770872240605214381 0
5 5 4 5 4 4 0.11870067995908930313 0
5 5 4 5 4 5 -0.51856823569282651854 0
5 5 4 5 5 2 0.49786095218447526102 0
5 5 4 5 5 3 0.64944910300455719529 0
5 5 4 5 5 4 -0.51856823569282651854 0
5 5 4 5 5 5 -0.24786552771003236217 0
5 5 5 1 5 5 1.00000000000000000000 0
5 5 5 2 4 4 -0.76352111843336755794 0
5 5 5 2 4 5 0.64578285956369228422 0
5 5 5 2 5 4 0.64578285956369228422 0
5 5 5 2 5 5 0.76352111843336755794 0
5 5 5 3 3 3 0.45379965054279742982 0
5 5 5 3 3 4 0.56428309622846565159 0
5 5 5 3 3 5 -0.68967417269175094568 0
5 5 5 3 4 3 0.56428309622846565159 0
5 5 5 3 4 4 0.41703550170625951112 0
5 5 5 3 4 5 0.71250682637250893493 0
5 5 5 3 5 3 -0.68967417269175094568 0
5 5 5 3 5 4 0.71250682637250893493 0
5 5 5 3 5 5 0.12916484775094305904 0
5 5 5 4 2 2 0.54620034945720257017 0
5 5 5 4 2 3 0.26561228318575830558 0
5 5 5 4 2 4 0.61907169662620335750 0
5 5 5 4 2 5 0.49786095218447526102 0
5 5 5 4 3 2 0.26561228318575830558 0
5 5 5 4 3 3 -0.41703550170625951112 0
5 5 5 4 3 4 -0.57770872240605214381 0
5 5 5 4 3 5 0.64944910300455719529 0
5 5 5 4 4 2 0.61907169662620335750 0
5 5 5 4 4 3 -0.57770872240605214381 0
5 5 5 4 4 4 0.11870067995908930313 0
5 5 5 4 4 5 -0.51856823569282651854 0
5 5 5 4 5 2 0.49786095218447526102 0
5 5 5 4 5 3 0.64944910300455719529 0
5 5 5 4 5 4 -0.51856823569282651854 0
5 5 5 4 5 5 -0.24786552771003236217 0
5 5 5 5 1 1 0.28462967654657028088 0
5 5 5 5 1 2 0.39429028493690688680 0
5 5 5 5 1 3 0.46617675722430112138 0
5 5 5 5 1 4 0.51143980379965762817 0
5 5 5 5 1 5 0.53350696016694129056 0
5 5 5 5 2 1 0.39429028493690688680 0
5 5 5 5 2 2 0.15546482879562722183 0
5 5 5 5 2 3 -0.59346537290038866434 0
5 5 5 5 2 4 -0.38697454269103787725 0
5 5 5 5 2 5 0.56428309622846565159 0
5 5 5 5 3 1 0.46617675722430112138 0
5 5 5 5 3 2 -0.59346537290038866434 0
5 5 5 5 3 3 0.51565559072333519576 0
5 5 5 5 3 4 -0.38966542721253938931 0
5 5 5 5 3 5 0.11286385064791575028 0
5 5 5 5 4 1 0.51143980379965762817 0
5 5 5 5 4 2 -0.38697454269103787725 0
5 5 5 5 4 3 -0.38966542721253938931 0
5 5 5 5 4 4 0.61675023443635403447 0
5 5 5 5 4 5 -0.23761320156170052197 0
5 5 5 5 5 1 0.53350696016694129056 0
5 5 5 5 5 2 0.56428309622846565159 0
5 5 5 5 5 3 0.11286385064791575028 0
5 5 5 5 5 4 -0.23761320156170052197 0
5 5 5 5 5 5 -0.57250033050188673295 0