1 1 1 1 1 1 1.00000000000000000000 0
1 1 2 2 1 2 1.00000000000000000000 0
1 1 3 3 1 3 1.00000000000000000000 0
1 1 4 4 1 4 1.00000000000000000000 0
1 1 5 5 1 5 1.00000000000000000000 0
1 1 6 6 1 6 1.00000000000000000000 0
1 2 1 2 2 2 1.00000000000000000000 0
1 2 2 1 2 1 1.00000000000000000000 0
1 2 3 4 2 4 1.00000000000000000000 0
1 2 4 3 2 3 1.00000000000000000000 0
1 2 5 5 2 5 1.00000000000000000000 0
1 2 6 6 2 6 1.00000000000000000000 0
1 3 1 3 3 3 1.00000000000000000000 0
1 3 2 4 3 4 1.00000000000000000000 0
1 3 3 2 3 2 1.00000000000000000000 0
1 3 4 1 3 1 1.00000000000000000000 0
1 3 5 6 3 6 1.00000000000000000000 0
1 3 6 5 3 5 1.00000000000000000000 0
1 4 1 4 4 4 1.00000000000000000000 0
1 4 2 3 4 3 1.00000000000000000000 0
1 4 3 1 4 1 1.00000000000000000000 0
1 4 4 2 4 2 1.00000000000000000000 0
1 4 5 6 4 6 1.00000000000000000000 0
1 4 6 5 4 5 1.00000000000000000000 0
1 5 1 5 5 5 1.00000000000000000000 0
1 5 2 5 5 5 1.00000000000000000000 0
1 5 3 6 5 6 1.00000000000000000000 0
1 5 4 6 5 6 1.00000000000000000000 0
1 5 5 3 5 3 1.00000000000000000000 0
1 5 5 4 5 4 1.00000000000000000000 0
1 5 6 1 5 1 1.00000000000000000000 0
1 5 6 2 5 2 1.00000000000000000000 0
1 6 1 6 6 6 1.00000000000000000000 0
1 6 2 6 6 6 1.00000000000000000000 0
1 6 3 5 6 5 1.00000000000000000000 0
1 6 4 5 6 5 1.00000000000000000000 0
1 6 5 1 6 1 1.00000000000000000000 0
1 6 5 2 6 2 1.00000000000000000000 0
1 6 6 3 6 3 1.00000000000000000000 0
1 6 6 4 6 4 1.00000000000000000000 0
2 1 1 2 2 1 1.00000000000000000000 0
2 1 2 1 2 2 1.00000000000000000000 0
2 1 3 4 2 3 1.00000000000000000000 0
2 1 4 3 2 4 1.00000000000000000000 0
2 1 5 5 2 5 1.00000000000000000000 0
2 1 6 6 2 6 1.00000000000000000000 0
2 2 1 1 1 2 1.00000000000000000000 0
2 2 2 2 1 1 1.00000000000000000000 0
2 2 3 3 1 4 1.00000000000000000000 0
2 2 4 4 1 3 1.00000000000000000000 0
2 2 5 5 1 5 1.00000000000000000000 0
2 2 6 6 1 6 1.00000000000000000000 0
2 3 1 4 4 3 1.00000000000000000000 0
2 3 2 3 4 4 1.00000000000000000000 0
2 3 3 1 4 2 0. 1.00000000000000000000
2 3 4 2 4 1 1.00000000000000000000 0
2 3 5 6 4 6 1.00000000000000000000 0
2 3 6 5 4 5 1.00000000000000000000 0
2 4 1 3 3 4 1.00000000000000000000 0
2 4 2 4 3 3 1.00000000000000000000 0
2 4 3 2 3 1 0. -1.00000000000000000000
2 4 4 1 3 2 1.00000000000000000000 0
2 4 5 6 3 6 1.00000000000000000000 0
2 4 6 5 3 5 1.00000000000000000000 0
2 5 1 5 5 5 1.00000000000000000000 0
2 5 2 5 5 5 -1.00000000000000000000 0
2 5 3 6 5 6 1.00000000000000000000 0
2 5 4 6 5 6 -1.00000000000000000000 0
2 5 5 3 5 4 1.00000000000000000000 0
2 5 5 4 5 3 1.00000000000000000000 0
2 5 6 1 5 2 1.00000000000000000000 0
2 5 6 2 5 1 1.00000000000000000000 0
2 6 1 6 6 6 1.00000000000000000000 0
2 6 2 6 6 6 -1.00000000000000000000 0
2 6 3 5 6 5 -1.00000000000000000000 0
2 6 4 5 6 5 1.00000000000000000000 0
2 6 5 1 6 2 0.92387953251128675612 0.38268343236508977172
2 6 5 2 6 1 0.92387953251128675612 -0.38268343236508977172
2 6 6 3 6 4 1.00000000000000000000 0
2 6 6 4 6 3 1.00000000000000000000 0
3 1 1 3 3 1 1.00000000000000000000 0
3 1 2 4 3 2 1.00000000000000000000 0
3 1 3 2 3 3 1.00000000000000000000 0
3 1 4 1 3 4 1.00000000000000000000 0
3 1 5 6 3 5 1.00000000000000000000 0
3 1 6 5 3 6 1.00000000000000000000 0
3 2 1 4 4 2 1.00000000000000000000 0
3 2 2 3 4 1 1.00000000000000000000 0
3 2 3 1 4 4 0. 1.00000000000000000000
3 2 4 2 4 3 1.00000000000000000000 0
3 2 5 6 4 5 -1.00000000000000000000 0
3 2 6 5 4 6 1.00000000000000000000 0
3 3 1 2 2 3 1.00000000000000000000 0
3 3 2 1 2 4 -1.00000000000000000000 0
3 3 3 4 2 2 0. 1.00000000000000000000
3 3 4 3 2 1 0. -1.00000000000000000000
3 3 5 5 2 6 1.00000000000000000000 0
3 3 6 6 2 5 0. -1.00000000000000000000
3 4 1 1 1 4 1.00000000000000000000 0
3 4 2 2 1 3 -1.00000000000000000000 0
3 4 3 3 1 1 1.00000000000000000000 0
3 4 4 4 1 2 0. -1.00000000000000000000
3 4 5 5 1 6 1.00000000000000000000 0
3 4 6 6 1 5 0. 1.00000000000000000000
3 5 1 6 6 5 1.00000000000000000000 0
3 5 2 6 6 5 1.00000000000000000000 0
3 5 3 5 6 6 1.00000000000000000000 0
3 5 4 5 6 6 1.00000000000000000000 0
3 5 5 1 6 4 0.92387953251128675612 0.38268343236508977172
3 5 5 2 6 3 -1.00000000000000000000 0
3 5 6 3 6 1 1.00000000000000000000 0
3 5 6 4 6 2 -1.00000000000000000000 0
3 6 1 5 5 6 1.00000000000000000000 0
3 6 2 5 5 6 -1.00000000000000000000 0
3 6 3 6 5 5 0. -1.00000000000000000000
3 6 4 6 5 5 0. 1.00000000000000000000
3 6 5 3 5 1 -0.38268343236508977172 -0.92387953251128675612
3 6 5 4 5 2 0. -1.00000000000000000000
3 6 6 1 5 4 1.00000000000000000000 0
3 6 6 2 5 3 1.00000000000000000000 0
4 1 1 4 4 1 1.00000000000000000000 0
4 1 2 3 4 2 1.00000000000000000000 0
4 1 3 1 4 3 1.00000000000000000000 0
4 1 4 2 4 4 1.00000000000000000000 0
4 1 5 6 4 5 1.00000000000000000000 0
4 1 6 5 4 6 1.00000000000000000000 0
4 2 1 3 3 2 1.00000000000000000000 0
4 2 2 4 3 1 1.00000000000000000000 0
4 2 3 2 3 4 1.00000000000000000000 0
4 2 4 1 3 3 0. -1.00000000000000000000
4 2 5 6 3 5 -1.00000000000000000000 0
4 2 6 5 3 6 1.00000000000000000000 0
4 3 1 1 1 3 1.00000000000000000000 0
4 3 2 2 1 4 0. -1.00000000000000000000
4 3 3 3 1 2 -1.00000000000000000000 0
4 3 4 4 1 1 1.00000000000000000000 0
4 3 5 5 1 6 0. 1.00000000000000000000
4 3 6 6 1 5 1.00000000000000000000 0
4 4 1 2 2 4 1.00000000000000000000 0
4 4 2 1 2 3 0. 1.00000000000000000000
4 4 3 4 2 1 1.00000000000000000000 0
4 4 4 3 2 2 0. -1.00000000000000000000
4 4 5 5 2 6 1.00000000000000000000 0
4 4 6 6 2 5 0. 1.00000000000000000000
4 5 1 6 6 5 1.00000000000000000000 0
4 5 2 6 6 5 -1.00000000000000000000 0
4 5 3 5 6 6 -1.00000000000000000000 0
4 5 4 5 6 6 1.00000000000000000000 0
4 5 5 1 6 3 -0.38268343236508977172 0.92387953251128675612
4 5 5 2 6 4 1.00000000000000000000 0
4 5 6 3 6 2 -1.00000000000000000000 0
4 5 6 4 6 1 1.00000000000000000000 0
4 6 1 5 5 6 1.00000000000000000000 0
4 6 2 5 5 6 1.00000000000000000000 0
4 6 3 6 5 5 0. -1.00000000000000000000
4 6 4 6 5 5 0. -1.00000000000000000000
4 6 5 3 5 2 0. -1.00000000000000000000
4 6 5 4 5 1 -0.38268343236508977172 -0.92387953251128675612
4 6 6 1 5 3 0. -1.00000000000000000000
4 6 6 2 5 4 1.00000000000000000000 0
5 1 1 5 5 1 1.00000000000000000000 0
5 1 2 5 5 2 1.00000000000000000000 0
5 1 3 6 5 3 1.00000000000000000000 0
5 1 4 6 5 4 1.00000000000000000000 0
5 1 5 3 5 5 1.00000000000000000000 0
5 1 5 4 5 5 1.00000000000000000000 0
5 1 6 1 5 6 1.00000000000000000000 0
5 1 6 2 5 6 1.00000000000000000000 0
5 2 1 5 5 2 1.00000000000000000000 0
5 2 2 5 5 1 1.00000000000000000000 0
5 2 3 6 5 4 1.00000000000000000000 0
5 2 4 6 5 3 1.00000000000000000000 0
5 2 5 3 5 5 -1.00000000000000000000 0
5 2 5 4 5 5 1.00000000000000000000 0
5 2 6 1 5 6 1.00000000000000000000 0
5 2 6 2 5 6 -1.00000000000000000000 0
5 3 1 6 6 3 1.00000000000000000000 0
5 3 2 6 6 4 -1.00000000000000000000 0
5 3 3 5 6 2 1.00000000000000000000 0
5 3 4 5 6 1 -1.00000000000000000000 0
5 3 5 1 6 6 0.92387953251128675612 0.38268343236508977172
5 3 5 2 6 6 1.00000000000000000000 0
5 3 6 3 6 5 0. -1.00000000000000000000
5 3 6 4 6 5 0. -1.00000000000000000000
5 4 1 6 6 4 1.00000000000000000000 0
5 4 2 6 6 3 -1.00000000000000000000 0
5 4 3 5 6 1 0. -1.00000000000000000000
5 4 4 5 6 2 -1.00000000000000000000 0
5 4 5 1 6 6 0.92387953251128675612 0.38268343236508977172
5 4 5 2 6 6 -1.00000000000000000000 0
5 4 6 3 6 5 0. 1.00000000000000000000
5 4 6 4 6 5 0. -1.00000000000000000000
5 5 1 3 3 5 1.00000000000000000000 0
5 5 1 4 4 5 1.00000000000000000000 0
5 5 2 3 4 5 1.00000000000000000000 0
5 5 2 4 3 5 1.00000000000000000000 0
5 5 3 1 4 6 0.70710678118654752440 -0.70710678118654752440
5 5 3 2 3 6 -0.70710678118654752440 -0.70710678118654752440
5 5 4 1 3 6 -0.70710678118654752440 -0.70710678118654752440
5 5 4 2 4 6 -0.70710678118654752440 -0.70710678118654752440
5 5 5 6 3 3 -0.65328148243818826392 -0.27059805007309849219
5 5 5 6 3 4 0.65328148243818826392 0.27059805007309849219
5 5 5 6 4 3 -0.65328148243818826392 -0.27059805007309849219
5 5 5 6 4 4 -0.65328148243818826392 -0.27059805007309849219
5 5 6 5 3 1 -0.27059805007309849219 -0.65328148243818826392
5 5 6 5 3 2 0.27059805007309849219 0.65328148243818826392
5 5 6 5 4 1 -0.27059805007309849219 -0.65328148243818826392
5 5 6 5 4 2 -0.27059805007309849219 -0.65328148243818826392
5 6 1 1 1 6 1.00000000000000000000 0
5 6 1 2 2 6 1.00000000000000000000 0
5 6 2 1 2 6 1.00000000000000000000 0
5 6 2 2 1 6 1.00000000000000000000 0
5 6 3 3 1 5 -0.70710678118654752440 -0.70710678118654752440
5 6 3 4 2 5 -0.70710678118654752440 -0.70710678118654752440
5 6 4 3 2 5 -0.70710678118654752440 -0.70710678118654752440
5 6 4 4 1 5 -0.70710678118654752440 -0.70710678118654752440
5 6 5 5 1 1 0.70710678118654752440 0.
5 6 5 5 1 2 0.65328148243818826392 0.27059805007309849219
5 6 5 5 2 1 0.70710678118654752440 0.
5 6 5 5 2 2 -0.65328148243818826392 -0.27059805007309849219
5 6 6 6 1 3 0.65328148243818826392 -0.27059805007309849219
5 6 6 6 1 4 0.65328148243818826392 -0.27059805007309849219
5 6 6 6 2 3 0.65328148243818826392 -0.27059805007309849219
5 6 6 6 2 4 -0.65328148243818826392 0.27059805007309849219
6 1 1 6 6 1 1.00000000000000000000 0
6 1 2 6 6 2 1.00000000000000000000 0
6 1 3 5 6 3 1.00000000000000000000 0
6 1 4 5 6 4 1.00000000000000000000 0
6 1 5 1 6 5 1.00000000000000000000 0
6 1 5 2 6 5 1.00000000000000000000 0
6 1 6 3 6 6 1.00000000000000000000 0
6 1 6 4 6 6 1.00000000000000000000 0
6 2 1 6 6 2 1.00000000000000000000 0
6 2 2 6 6 1 1.00000000000000000000 0
6 2 3 5 6 4 1.00000000000000000000 0
6 2 4 5 6 3 1.00000000000000000000 0
6 2 5 1 6 5 1.00000000000000000000 0
6 2 5 2 6 5 -1.00000000000000000000 0
6 2 6 3 6 6 1.00000000000000000000 0
6 2 6 4 6 6 -1.00000000000000000000 0
6 3 1 5 5 3 1.00000000000000000000 0
6 3 2 5 5 4 1.00000000000000000000 0
6 3 3 6 5 2 0. -1.00000000000000000000
6 3 4 6 5 1 0. -1.00000000000000000000
6 3 5 3 5 6 0. -1.00000000000000000000
6 3 5 4 5 6 0. 1.00000000000000000000
6 3 6 1 5 5 -0.38268343236508977172 -0.92387953251128675612
6 3 6 2 5 5 0. 1.00000000000000000000
6 4 1 5 5 4 1.00000000000000000000 0
6 4 2 5 5 3 1.00000000000000000000 0
6 4 3 6 5 1 -1.00000000000000000000 0
6 4 4 6 5 2 0. -1.00000000000000000000
6 4 5 3 5 6 0. -1.00000000000000000000
6 4 5 4 5 6 0. -1.00000000000000000000
6 4 6 1 5 5 -0.38268343236508977172 -0.92387953251128675612
6 4 6 2 5 5 0. -1.00000000000000000000
6 5 1 1 1 5 1.00000000000000000000 0
6 5 1 2 2 5 1.00000000000000000000 0
6 5 2 1 2 5 0.92387953251128675612 -0.38268343236508977172
6 5 2 2 1 5 0.92387953251128675612 0.38268343236508977172
6 5 3 3 1 6 0.92387953251128675612 -0.38268343236508977172
6 5 3 4 2 6 0.70710678118654752440 -0.70710678118654752440
6 5 4 3 2 6 0.70710678118654752440 -0.70710678118654752440
6 5 4 4 1 6 0.92387953251128675612 -0.38268343236508977172
6 5 5 5 1 3 -0.50000000000000000000 -0.50000000000000000000
6 5 5 5 1 4 -0.50000000000000000000 -0.50000000000000000000
6 5 5 5 2 3 0.65328148243818826392 0.27059805007309849219
6 5 5 5 2 4 -0.65328148243818826392 -0.27059805007309849219
6 5 6 6 1 1 0.70710678118654752440 0.
6 5 6 6 1 2 0.70710678118654752440 0.
6 5 6 6 2 1 0.65328148243818826392 -0.27059805007309849219
6 5 6 6 2 2 -0.65328148243818826392 0.27059805007309849219
6 6 1 3 3 6 1.00000000000000000000 0
6 6 1 4 4 6 1.00000000000000000000 0
6 6 2 3 4 6 -1.00000000000000000000 0
6 6 2 4 3 6 -1.00000000000000000000 0
6 6 3 1 4 5 -0.38268343236508977172 0.92387953251128675612
6 6 3 2 3 5 0.70710678118654752440 0.70710678118654752440
6 6 4 1 3 5 -0.92387953251128675612 -0.38268343236508977172
6 6 4 2 4 5 -0.70710678118654752440 -0.70710678118654752440
6 6 5 6 3 1 0.70710678118654752440 0.
6 6 5 6 3 2 0.65328148243818826392 0.27059805007309849219
6 6 5 6 4 1 0.70710678118654752440 0.
6 6 5 6 4 2 -0.65328148243818826392 -0.27059805007309849219
6 6 6 5 3 3 0.65328148243818826392 -0.27059805007309849219
6 6 6 5 3 4 0.65328148243818826392 -0.27059805007309849219
6 6 6 5 4 3 -0.65328148243818826392 0.27059805007309849219
6 6 6 5 4 4 0.65328148243818826392 -0.27059805007309849219