1 1 1 1 1 1 1.00000000000000000000 0
1 1 2 2 1 2 1.00000000000000000000 0
1 1 3 3 1 3 1.00000000000000000000 0
1 1 4 4 1 4 1.00000000000000000000 0
1 1 5 5 1 5 1.00000000000000000000 0
1 1 6 6 1 6 1.00000000000000000000 0
1 2 1 2 2 2 1.00000000000000000000 0
1 2 2 1 2 1 1.00000000000000000000 0
1 2 3 4 2 4 1.00000000000000000000 0
1 2 4 3 2 3 1.00000000000000000000 0
1 2 5 6 2 6 1.00000000000000000000 0
1 2 6 5 2 5 1.00000000000000000000 0
1 3 1 3 3 3 1.00000000000000000000 0
1 3 2 4 3 4 1.00000000000000000000 0
1 3 3 1 3 1 1.00000000000000000000 0
1 3 3 4 3 4 1.00000000000000000000 0
1 3 3 6 3 6 1.00000000000000000000 0
1 3 4 2 3 2 1.00000000000000000000 0
1 3 4 3 3 3 1.00000000000000000000 0
1 3 4 5 3 5 1.00000000000000000000 0
1 3 5 4 3 4 1.00000000000000000000 0
1 3 5 5 3 5 1.00000000000000000000 0
1 3 5 6 3 6 1.00000000000000000000 0
1 3 6 3 3 3 1.00000000000000000000 0
1 3 6 5 3 5 1.00000000000000000000 0
1 3 6 6 3 6 1.00000000000000000000 0
1 4 1 4 4 4 1.00000000000000000000 0
1 4 2 3 4 3 1.00000000000000000000 0
1 4 3 2 4 2 1.00000000000000000000 0
1 4 3 3 4 3 1.00000000000000000000 0
1 4 3 5 4 5 1.00000000000000000000 0
1 4 4 1 4 1 1.00000000000000000000 0
1 4 4 4 4 4 1.00000000000000000000 0
1 4 4 6 4 6 1.00000000000000000000 0
1 4 5 3 4 3 1.00000000000000000000 0
1 4 5 5 4 5 1.00000000000000000000 0
1 4 5 6 4 6 1.00000000000000000000 0
1 4 6 4 4 4 1.00000000000000000000 0
1 4 6 5 4 5 1.00000000000000000000 0
1 4 6 6 4 6 1.00000000000000000000 0
1 5 1 5 5 5 1.00000000000000000000 0
1 5 2 6 5 6 1.00000000000000000000 0
1 5 3 4 5 4 1.00000000000000000000 0
1 5 3 5 5 5 1.00000000000000000000 0
1 5 3 6 5 6 1.00000000000000000000 0
1 5 4 3 5 3 1.00000000000000000000 0
1 5 4 5 5 5 1.00000000000000000000 0
1 5 4 6 5 6 1.00000000000000000000 0
1 5 5 1 5 1 1.00000000000000000000 0
1 5 5 3 5 3 1.00000000000000000000 0
1 5 5 4 5 4 1.00000000000000000000 0
1 5 5 5 5 5 1.00000000000000000000 0
1 5 5 6 5 6 1.00000000000000000000 0
1 5 6 2 5 2 1.00000000000000000000 0
1 5 6 3 5 3 1.00000000000000000000 0
1 5 6 4 5 4 1.00000000000000000000 0
1 5 6 5 5 5 1.00000000000000000000 0
1 5 6 6 5 6 1.00000000000000000000 0
1 6 1 6 6 6 1.00000000000000000000 0
1 6 2 5 6 5 1.00000000000000000000 0
1 6 3 3 6 3 1.00000000000000000000 0
1 6 3 5 6 5 1.00000000000000000000 0
1 6 3 6 6 6 1.00000000000000000000 0
1 6 4 4 6 4 1.00000000000000000000 0
1 6 4 5 6 5 1.00000000000000000000 0
1 6 4 6 6 6 1.00000000000000000000 0
1 6 5 2 6 2 1.00000000000000000000 0
1 6 5 3 6 3 1.00000000000000000000 0
1 6 5 4 6 4 1.00000000000000000000 0
1 6 5 5 6 5 1.00000000000000000000 0
1 6 5 6 6 6 1.00000000000000000000 0
1 6 6 1 6 1 1.00000000000000000000 0
1 6 6 3 6 3 1.00000000000000000000 0
1 6 6 4 6 4 1.00000000000000000000 0
1 6 6 5 6 5 1.00000000000000000000 0
1 6 6 6 6 6 1.00000000000000000000 0
2 1 1 2 2 1 1.00000000000000000000 0
2 1 2 1 2 2 1.00000000000000000000 0
2 1 3 4 2 3 1.00000000000000000000 0
2 1 4 3 2 4 1.00000000000000000000 0
2 1 5 6 2 5 1.00000000000000000000 0
2 1 6 5 2 6 1.00000000000000000000 0
2 2 1 1 1 2 1.00000000000000000000 0
2 2 2 2 1 1 1.00000000000000000000 0
2 2 3 3 1 4 1.00000000000000000000 0
2 2 4 4 1 3 1.00000000000000000000 0
2 2 5 5 1 6 1.00000000000000000000 0
2 2 6 6 1 5 1.00000000000000000000 0
2 3 1 4 4 3 1.00000000000000000000 0
2 3 2 3 4 4 1.00000000000000000000 0
2 3 3 2 4 1 1.00000000000000000000 0
2 3 3 3 4 4 1.00000000000000000000 0
2 3 3 5 4 6 1.00000000000000000000 0
2 3 4 1 4 2 1.00000000000000000000 0
2 3 4 4 4 3 1.00000000000000000000 0
2 3 4 6 4 5 1.00000000000000000000 0
2 3 5 3 4 4 1.00000000000000000000 0
2 3 5 5 4 6 1.00000000000000000000 0
2 3 5 6 4 5 1.00000000000000000000 0
2 3 6 4 4 3 1.00000000000000000000 0
2 3 6 5 4 6 1.00000000000000000000 0
2 3 6 6 4 5 1.00000000000000000000 0
2 4 1 3 3 4 1.00000000000000000000 0
2 4 2 4 3 3 1.00000000000000000000 0
2 4 3 1 3 2 1.00000000000000000000 0
2 4 3 4 3 3 1.00000000000000000000 0
2 4 3 6 3 5 1.00000000000000000000 0
2 4 4 2 3 1 1.00000000000000000000 0
2 4 4 3 3 4 1.00000000000000000000 0
2 4 4 5 3 6 1.00000000000000000000 0
2 4 5 4 3 3 1.00000000000000000000 0
2 4 5 5 3 6 1.00000000000000000000 0
2 4 5 6 3 5 1.00000000000000000000 0
2 4 6 3 3 4 1.00000000000000000000 0
2 4 6 5 3 6 1.00000000000000000000 0
2 4 6 6 3 5 1.00000000000000000000 0
2 5 1 6 6 5 1.00000000000000000000 0
2 5 2 5 6 6 1.00000000000000000000 0
2 5 3 3 6 4 1.00000000000000000000 0
2 5 3 5 6 6 1.00000000000000000000 0
2 5 3 6 6 5 1.00000000000000000000 0
2 5 4 4 6 3 1.00000000000000000000 0
2 5 4 5 6 6 1.00000000000000000000 0
2 5 4 6 6 5 1.00000000000000000000 0
2 5 5 2 6 1 1.00000000000000000000 0
2 5 5 3 6 4 1.00000000000000000000 0
2 5 5 4 6 3 1.00000000000000000000 0
2 5 5 5 6 6 1.00000000000000000000 0
2 5 5 6 6 5 1.00000000000000000000 0
2 5 6 1 6 2 1.00000000000000000000 0
2 5 6 3 6 4 1.00000000000000000000 0
2 5 6 4 6 3 1.00000000000000000000 0
2 5 6 5 6 6 1.00000000000000000000 0
2 5 6 6 6 5 1.00000000000000000000 0
2 6 1 5 5 6 1.00000000000000000000 0
2 6 2 6 5 5 1.00000000000000000000 0
2 6 3 4 5 3 1.00000000000000000000 0
2 6 3 5 5 6 1.00000000000000000000 0
2 6 3 6 5 5 1.00000000000000000000 0
2 6 4 3 5 4 1.00000000000000000000 0
2 6 4 5 5 6 1.00000000000000000000 0
2 6 4 6 5 5 1.00000000000000000000 0
2 6 5 1 5 2 1.00000000000000000000 0
2 6 5 3 5 4 1.00000000000000000000 0
2 6 5 4 5 3 1.00000000000000000000 0
2 6 5 5 5 6 1.00000000000000000000 0
2 6 5 6 5 5 1.00000000000000000000 0
2 6 6 2 5 1 1.00000000000000000000 0
2 6 6 3 5 4 1.00000000000000000000 0
2 6 6 4 5 3 1.00000000000000000000 0
2 6 6 5 5 6 1.00000000000000000000 0
2 6 6 6 5 5 1.00000000000000000000 0
3 1 1 3 3 1 1.00000000000000000000 0
3 1 2 4 3 2 1.00000000000000000000 0
3 1 3 1 3 3 1.00000000000000000000 0
3 1 3 4 3 3 1.00000000000000000000 0
3 1 3 6 3 3 1.00000000000000000000 0
3 1 4 2 3 4 1.00000000000000000000 0
3 1 4 3 3 4 1.00000000000000000000 0
3 1 4 5 3 4 1.00000000000000000000 0
3 1 5 4 3 5 1.00000000000000000000 0
3 1 5 5 3 5 1.00000000000000000000 0
3 1 5 6 3 5 1.00000000000000000000 0
3 1 6 3 3 6 1.00000000000000000000 0
3 1 6 5 3 6 1.00000000000000000000 0
3 1 6 6 3 6 1.00000000000000000000 0
3 2 1 4 4 2 1.00000000000000000000 0
3 2 2 3 4 1 1.00000000000000000000 0
3 2 3 2 4 4 1.00000000000000000000 0
3 2 3 3 4 4 1.00000000000000000000 0
3 2 3 5 4 4 1.00000000000000000000 0
3 2 4 1 4 3 1.00000000000000000000 0
3 2 4 4 4 3 1.00000000000000000000 0
3 2 4 6 4 3 1.00000000000000000000 0
3 2 5 3 4 6 1.00000000000000000000 0
3 2 5 5 4 6 1.00000000000000000000 0
3 2 5 6 4 6 1.00000000000000000000 0
3 2 6 4 4 5 1.00000000000000000000 0
3 2 6 5 4 5 1.00000000000000000000 0
3 2 6 6 4 5 1.00000000000000000000 0
3 3 1 1 1 3 1.00000000000000000000 0
3 3 1 4 4 3 1.00000000000000000000 0
3 3 1 6 6 3 1.00000000000000000000 0
3 3 2 2 1 4 1.00000000000000000000 0
3 3 2 3 4 4 -1.00000000000000000000 0
3 3 2 5 6 4 1.00000000000000000000 0
3 3 3 2 4 4 -1.00000000000000000000 0
3 3 3 3 1 1 0.36602540378443864676 0
3 3 3 3 1 4 0.60500033370605560911 0
3 3 3 3 1 6 0.70710678118654752440 0
3 3 3 3 4 1 -0.60500033370605560911 0
3 3 3 3 4 4 -0.42264973081037423549 0
3 3 3 3 4 6 0.67479019054923994124 0
3 3 3 3 6 1 0.70710678118654752440 0
3 3 3 3 6 4 -0.67479019054923994124 0
3 3 3 3 6 6 0.21132486540518711774 0
3 3 3 5 4 4 0.57735026918962576450 0
3 3 3 5 4 6 0.81649658092772603273 0
3 3 3 5 6 4 0.81649658092772603273 0
3 3 3 5 6 6 -0.57735026918962576450 0
3 3 3 6 6 6 1.00000000000000000000 0
3 3 4 1 4 3 1.00000000000000000000 0
3 3 4 4 1 2 0.36602540378443864676 0
3 3 4 4 1 3 0.60500033370605560911 0
3 3 4 4 1 5 0.70710678118654752440 0
3 3 4 4 4 2 0.60500033370605560911 0
3 3 4 4 4 3 0.42264973081037423549 0
3 3 4 4 4 5 -0.67479019054923994124 0
3 3 4 4 6 2 0.70710678118654752440 0
3 3 4 4 6 3 -0.67479019054923994124 0
3 3 4 4 6 5 0.21132486540518711774 0
3 3 4 5 6 5 1.00000000000000000000 0
3 3 4 6 4 3 -0.57735026918962576450 0
3 3 4 6 4 5 -0.81649658092772603273 0
3 3 4 6 6 3 0.81649658092772603273 0
3 3 4 6 6 5 -0.57735026918962576450 0
3 3 5 2 6 4 1.00000000000000000000 0
3 3 5 3 4 4 0.57735026918962576450 0
3 3 5 3 4 6 0.81649658092772603273 0
3 3 5 3 6 4 0.81649658092772603273 0
3 3 5 3 6 6 -0.57735026918962576450 0
3 3 5 4 6 5 1.00000000000000000000 0
3 3 5 5 1 4 0.51763809020504152469 0
3 3 5 5 1 5 0.60500033370605560911 0
3 3 5 5 1 6 0.60500033370605560911 0
3 3 5 5 4 4 0.69859421105000924732 0
3 3 5 5 4 5 -0.70710678118654752440 0
3 3 5 5 4 6 0.10938979974117850833 0
3 3 5 5 6 4 0.49398070393112768952 0
3 3 5 5 6 5 0.36602540378443864676 0
3 3 5 5 6 6 -0.78867513459481288225 0
3 3 5 6 4 5 0.70710678118654752440 0
3 3 5 6 4 6 -0.70710678118654752440 0
3 3 5 6 6 5 0.70710678118654752440 0
3 3 5 6 6 6 0.70710678118654752440 0
3 3 6 1 6 3 1.00000000000000000000 0
3 3 6 3 6 6 1.00000000000000000000 0
3 3 6 4 4 3 -0.57735026918962576450 0
3 3 6 4 4 5 -0.81649658092772603273 0
3 3 6 4 6 3 0.81649658092772603273 0
3 3 6 4 6 5 -0.57735026918962576450 0
3 3 6 5 4 5 0.70710678118654752440 0
3 3 6 5 4 6 -0.70710678118654752440 0
3 3 6 5 6 5 0.70710678118654752440 0
3 3 6 5 6 6 0.70710678118654752440 0
3 3 6 6 1 3 0.51763809020504152469 0
3 3 6 6 1 5 0.60500033370605560911 0
3 3 6 6 1 6 0.60500033370605560911 0
3 3 6 6 4 3 -0.69859421105000924732 0
3 3 6 6 4 5 -0.10938979974117850833 0
3 3 6 6 4 6 0.70710678118654752440 0
3 3 6 6 6 3 0.49398070393112768952 0
3 3 6 6 6 5 -0.78867513459481288225 0
3 3 6 6 6 6 0.36602540378443864676 0
3 4 1 2 2 4 1.00000000000000000000 0
3 4 1 3 3 4 1.00000000000000000000 0
3 4 1 5 5 4 1.00000000000000000000 0
3 4 2 1 2 3 1.00000000000000000000 0
3 4 2 4 3 3 -1.00000000000000000000 0
3 4 2 6 5 3 1.00000000000000000000 0
3 4 3 1 3 3 -1.00000000000000000000 0
3 4 3 4 2 2 0.36602540378443864676 0
3 4 3 4 2 3 0.60500033370605560911 0
3 4 3 4 2 5 0.70710678118654752440 0
3 4 3 4 3 2 -0.60500033370605560911 0
3 4 3 4 3 3 -0.42264973081037423549 0
3 4 3 4 3 5 0.67479019054923994124 0
3 4 3 4 5 2 0.70710678118654752440 0
3 4 3 4 5 3 -0.67479019054923994124 0
3 4 3 4 5 5 0.21132486540518711774 0
3 4 3 5 5 5 1.00000000000000000000 0
3 4 3 6 3 3 0.57735026918962576450 0
3 4 3 6 3 5 0.81649658092772603273 0
3 4 3 6 5 3 0.81649658092772603273 0
3 4 3 6 5 5 -0.57735026918962576450 0
3 4 4 2 3 4 1.00000000000000000000 0
3 4 4 3 2 1 0.36602540378443864676 0
3 4 4 3 2 4 0.60500033370605560911 0
3 4 4 3 2 6 0.70710678118654752440 0
3 4 4 3 3 1 0.60500033370605560911 0
3 4 4 3 3 4 0.42264973081037423549 0
3 4 4 3 3 6 -0.67479019054923994124 0
3 4 4 3 5 1 0.70710678118654752440 0
3 4 4 3 5 4 -0.67479019054923994124 0
3 4 4 3 5 6 0.21132486540518711774 0
3 4 4 5 3 4 -0.57735026918962576450 0
3 4 4 5 3 6 -0.81649658092772603273 0
3 4 4 5 5 4 0.81649658092772603273 0
3 4 4 5 5 6 -0.57735026918962576450 0
3 4 4 6 5 6 1.00000000000000000000 0
3 4 5 1 5 3 1.00000000000000000000 0
3 4 5 3 5 6 1.00000000000000000000 0
3 4 5 4 3 3 0.57735026918962576450 0
3 4 5 4 3 5 0.81649658092772603273 0
3 4 5 4 5 3 0.81649658092772603273 0
3 4 5 4 5 5 -0.57735026918962576450 0
3 4 5 5 3 5 -0.70710678118654752440 0
3 4 5 5 3 6 0.70710678118654752440 0
3 4 5 5 5 5 0.70710678118654752440 0
3 4 5 5 5 6 0.70710678118654752440 0
3 4 5 6 2 3 0.51763809020504152469 0
3 4 5 6 2 5 0.60500033370605560911 0
3 4 5 6 2 6 0.60500033370605560911 0
3 4 5 6 3 3 0.69859421105000924732 0
3 4 5 6 3 5 0.10938979974117850833 0
3 4 5 6 3 6 -0.70710678118654752440 0
3 4 5 6 5 3 0.49398070393112768952 0
3 4 5 6 5 5 -0.78867513459481288225 0
3 4 5 6 5 6 0.36602540378443864676 0
3 4 6 2 5 4 1.00000000000000000000 0
3 4 6 3 3 4 -0.57735026918962576450 0
3 4 6 3 3 6 -0.81649658092772603273 0
3 4 6 3 5 4 0.81649658092772603273 0
3 4 6 3 5 6 -0.57735026918962576450 0
3 4 6 4 5 5 1.00000000000000000000 0
3 4 6 5 2 4 0.51763809020504152469 0
3 4 6 5 2 5 0.60500033370605560911 0
3 4 6 5 2 6 0.60500033370605560911 0
3 4 6 5 3 4 -0.69859421105000924732 0
3 4 6 5 3 5 0.70710678118654752440 0
3 4 6 5 3 6 -0.10938979974117850833 0
3 4 6 5 5 4 0.49398070393112768952 0
3 4 6 5 5 5 0.36602540378443864676 0
3 4 6 5 5 6 -0.78867513459481288225 0
3 4 6 6 3 5 -0.70710678118654752440 0
3 4 6 6 3 6 0.70710678118654752440 0
3 4 6 6 5 5 0.70710678118654752440 0
3 4 6 6 5 6 0.70710678118654752440 0
3 5 1 4 4 5 1.00000000000000000000 0
3 5 1 5 5 5 1.00000000000000000000 0
3 5 1 6 6 5 1.00000000000000000000 0
3 5 2 3 4 6 1.00000000000000000000 0
3 5 2 5 6 6 -1.00000000000000000000 0
3 5 2 6 5 6 1.00000000000000000000 0
3 5 3 2 4 4 1.00000000000000000000 0
3 5 3 3 4 4 -0.57735026918962576450 0
3 5 3 3 4 6 0.81649658092772603273 0
3 5 3 3 6 4 0.81649658092772603273 0
3 5 3 3 6 6 0.57735026918962576450 0
3 5 3 4 5 5 1.00000000000000000000 0
3 5 3 5 4 4 0.15470053837925152901 0
3 5 3 5 4 5 0.85559967716735219296 0
3 5 3 5 4 6 -0.49398070393112768952 0
3 5 3 5 5 4 0.85559967716735219296 0
3 5 3 5 5 5 0.13397459621556135323 0
3 5 3 5 5 6 0.50000000000000000000 0
3 5 3 5 6 4 0.49398070393112768952 0
3 5 3 5 6 5 -0.50000000000000000000 0
3 5 3 5 6 6 -0.71132486540518711774 0
3 5 3 6 5 5 0.50000000000000000000 0
3 5 3 6 5 6 -0.86602540378443864676 0
3 5 3 6 6 5 -0.86602540378443864676 0
3 5 3 6 6 6 -0.50000000000000000000 0
3 5 4 1 4 3 1.00000000000000000000 0
3 5 4 3 5 6 1.00000000000000000000 0
3 5 4 4 4 3 -0.57735026918962576450 0
3 5 4 4 4 5 0.81649658092772603273 0
3 5 4 4 6 3 -0.81649658092772603273 0
3 5 4 4 6 5 -0.57735026918962576450 0
3 5 4 5 5 5 -0.86602540378443864676 0
3 5 4 5 5 6 0.50000000000000000000 0
3 5 4 5 6 5 0.50000000000000000000 0
3 5 4 5 6 6 0.86602540378443864676 0
3 5 4 6 4 3 0.15470053837925152901 0
3 5 4 6 4 5 -0.49398070393112768952 0
3 5 4 6 4 6 0.85559967716735219296 0
3 5 4 6 5 3 0.85559967716735219296 0
3 5 4 6 5 5 0.50000000000000000000 0
3 5 4 6 5 6 0.13397459621556135323 0
3 5 4 6 6 3 -0.49398070393112768952 0
3 5 4 6 6 5 0.71132486540518711774 0
3 5 4 6 6 6 0.50000000000000000000 0
3 5 5 1 5 3 1.00000000000000000000 0
3 5 5 2 6 4 1.00000000000000000000 0
3 5 5 3 4 1 0.51763809020504152469 0
3 5 5 3 4 4 0.69859421105000924732 0
3 5 5 3 4 6 0.49398070393112768952 0
3 5 5 3 5 1 0.60500033370605560911 0
3 5 5 3 5 4 -0.70710678118654752440 0
3 5 5 3 5 6 0.36602540378443864676 0
3 5 5 3 6 1 0.60500033370605560911 0
3 5 5 3 6 4 0.10938979974117850833 0
3 5 5 3 6 6 -0.78867513459481288225 0
3 5 5 4 5 3 -0.70710678118654752440 0
3 5 5 4 5 5 0.70710678118654752440 0
3 5 5 4 6 3 0.70710678118654752440 0
3 5 5 4 6 5 0.70710678118654752440 0
3 5 5 5 4 4 -0.42264973081037423549 0
3 5 5 5 4 5 0.60500033370605560911 0
3 5 5 5 4 6 -0.67479019054923994124 0
3 5 5 5 5 4 0.60500033370605560911 0
3 5 5 5 5 5 -0.36602540378443864676 0
3 5 5 5 5 6 -0.70710678118654752440 0
3 5 5 5 6 4 -0.67479019054923994124 0
3 5 5 5 6 5 -0.70710678118654752440 0
3 5 5 5 6 6 -0.21132486540518711774 0
3 5 5 6 4 3 0.73205080756887729352 0
3 5 5 6 4 5 0.60500033370605560911 0
3 5 5 6 4 6 0.31317121731301543780 0
3 5 5 6 5 3 0.31317121731301543780 0
3 5 5 6 5 5 -0.70710678118654752440 0
3 5 5 6 5 6 0.63397459621556135323 0
3 5 5 6 6 3 0.60500033370605560911 0
3 5 5 6 6 5 -0.36602540378443864676 0
3 5 5 6 6 6 -0.70710678118654752440 0
3 5 6 1 6 3 -1.00000000000000000000 0
3 5 6 2 5 4 1.00000000000000000000 0
3 5 6 3 5 4 -0.70710678118654752440 0
3 5 6 3 5 6 0.70710678118654752440 0
3 5 6 3 6 4 -0.70710678118654752440 0
3 5 6 3 6 6 -0.70710678118654752440 0
3 5 6 4 4 2 0.51763809020504152469 0
3 5 6 4 4 3 0.69859421105000924732 0
3 5 6 4 4 5 0.49398070393112768952 0
3 5 6 4 5 2 0.60500033370605560911 0
3 5 6 4 5 3 -0.70710678118654752440 0
3 5 6 4 5 5 0.36602540378443864676 0
3 5 6 4 6 2 -0.60500033370605560911 0
3 5 6 4 6 3 -0.10938979974117850833 0
3 5 6 4 6 5 0.78867513459481288225 0
3 5 6 5 4 4 0.73205080756887729352 0
3 5 6 5 4 5 0.31317121731301543780 0
3 5 6 5 4 6 0.60500033370605560911 0
3 5 6 5 5 4 0.31317121731301543780 0
3 5 6 5 5 5 0.63397459621556135323 0
3 5 6 5 5 6 -0.70710678118654752440 0
3 5 6 5 6 4 -0.60500033370605560911 0
3 5 6 5 6 5 0.70710678118654752440 0
3 5 6 5 6 6 0.36602540378443864676 0
3 5 6 6 4 3 -0.42264973081037423549 0
3 5 6 6 4 5 -0.67479019054923994124 0
3 5 6 6 4 6 0.60500033370605560911 0
3 5 6 6 5 3 0.60500033370605560911 0
3 5 6 6 5 5 -0.70710678118654752440 0
3 5 6 6 5 6 -0.36602540378443864676 0
3 5 6 6 6 3 0.67479019054923994124 0
3 5 6 6 6 5 0.21132486540518711774 0
3 5 6 6 6 6 0.70710678118654752440 0
3 6 1 3 3 6 1.00000000000000000000 0
3 6 1 5 5 6 1.00000000000000000000 0
3 6 1 6 6 6 1.00000000000000000000 0
3 6 2 4 3 5 1.00000000000000000000 0
3 6 2 5 6 5 1.00000000000000000000 0
3 6 2 6 5 5 -1.00000000000000000000 0
3 6 3 1 3 3 1.00000000000000000000 0
3 6 3 3 6 6 1.00000000000000000000 0
3 6 3 4 3 3 -0.57735026918962576450 0
3 6 3 4 3 5 0.81649658092772603273 0
3 6 3 4 5 3 0.81649658092772603273 0
3 6 3 4 5 5 0.57735026918962576450 0
3 6 3 5 5 5 -0.50000000000000000000 0
3 6 3 5 5 6 -0.86602540378443864676 0
3 6 3 5 6 5 -0.86602540378443864676 0
3 6 3 5 6 6 0.50000000000000000000 0
3 6 3 6 3 3 0.15470053837925152901 0
3 6 3 6 3 5 -0.49398070393112768952 0
3 6 3 6 3 6 0.85559967716735219296 0
3 6 3 6 5 3 0.49398070393112768952 0
3 6 3 6 5 5 -0.71132486540518711774 0
3 6 3 6 5 6 -0.50000000000000000000 0
3 6 3 6 6 3 0.85559967716735219296 0
3 6 3 6 6 5 0.50000000000000000000 0
3 6 3 6 6 6 0.13397459621556135323 0
3 6 4 2 3 4 1.00000000000000000000 0
3 6 4 3 3 4 -0.57735026918962576450 0
3 6 4 3 3 6 0.81649658092772603273 0
3 6 4 3 5 4 -0.81649658092772603273 0
3 6 4 3 5 6 -0.57735026918962576450 0
3 6 4 4 6 5 1.00000000000000000000 0
3 6 4 5 3 4 0.15470053837925152901 0
3 6 4 5 3 5 0.85559967716735219296 0
3 6 4 5 3 6 -0.49398070393112768952 0
3 6 4 5 5 4 -0.49398070393112768952 0
3 6 4 5 5 5 0.50000000000000000000 0
3 6 4 5 5 6 0.71132486540518711774 0
3 6 4 5 6 4 0.85559967716735219296 0
3 6 4 5 6 5 0.13397459621556135323 0
3 6 4 5 6 6 0.50000000000000000000 0
3 6 4 6 5 5 0.86602540378443864676 0
3 6 4 6 5 6 0.50000000000000000000 0
3 6 4 6 6 5 0.50000000000000000000 0
3 6 4 6 6 6 -0.86602540378443864676 0
3 6 5 1 5 3 1.00000000000000000000 0
3 6 5 2 6 4 1.00000000000000000000 0
3 6 5 3 5 4 0.70710678118654752440 0
3 6 5 3 5 6 0.70710678118654752440 0
3 6 5 3 6 4 -0.70710678118654752440 0
3 6 5 3 6 6 0.70710678118654752440 0
3 6 5 4 3 2 0.51763809020504152469 0
3 6 5 4 3 3 0.69859421105000924732 0
3 6 5 4 3 5 0.49398070393112768952 0
3 6 5 4 5 2 0.60500033370605560911 0
3 6 5 4 5 3 0.10938979974117850833 0
3 6 5 4 5 5 -0.78867513459481288225 0
3 6 5 4 6 2 0.60500033370605560911 0
3 6 5 4 6 3 -0.70710678118654752440 0
3 6 5 4 6 5 0.36602540378443864676 0
3 6 5 5 3 4 0.73205080756887729352 0
3 6 5 5 3 5 0.31317121731301543780 0
3 6 5 5 3 6 0.60500033370605560911 0
3 6 5 5 5 4 0.60500033370605560911 0
3 6 5 5 5 5 -0.70710678118654752440 0
3 6 5 5 5 6 -0.36602540378443864676 0
3 6 5 5 6 4 0.31317121731301543780 0
3 6 5 5 6 5 0.63397459621556135323 0
3 6 5 5 6 6 -0.70710678118654752440 0
3 6 5 6 3 3 -0.42264973081037423549 0
3 6 5 6 3 5 -0.67479019054923994124 0
3 6 5 6 3 6 0.60500033370605560911 0
3 6 5 6 5 3 -0.67479019054923994124 0
3 6 5 6 5 5 -0.21132486540518711774 0
3 6 5 6 5 6 -0.70710678118654752440 0
3 6 5 6 6 3 0.60500033370605560911 0
3 6 5 6 6 5 -0.70710678118654752440 0
3 6 5 6 6 6 -0.36602540378443864676 0
3 6 6 1 6 3 1.00000000000000000000 0
3 6 6 2 5 4 -1.00000000000000000000 0
3 6 6 3 3 1 0.51763809020504152469 0
3 6 6 3 3 4 0.69859421105000924732 0
3 6 6 3 3 6 0.49398070393112768952 0
3 6 6 3 5 1 -0.60500033370605560911 0
3 6 6 3 5 4 -0.10938979974117850833 0
3 6 6 3 5 6 0.78867513459481288225 0
3 6 6 3 6 1 0.60500033370605560911 0
3 6 6 3 6 4 -0.70710678118654752440 0
3 6 6 3 6 6 0.36602540378443864676 0
3 6 6 4 5 3 -0.70710678118654752440 0
3 6 6 4 5 5 -0.70710678118654752440 0
3 6 6 4 6 3 -0.70710678118654752440 0
3 6 6 4 6 5 0.70710678118654752440 0
3 6 6 5 3 4 -0.42264973081037423549 0
3 6 6 5 3 5 0.60500033370605560911 0
3 6 6 5 3 6 -0.67479019054923994124 0
3 6 6 5 5 4 0.67479019054923994124 0
3 6 6 5 5 5 0.70710678118654752440 0
3 6 6 5 5 6 0.21132486540518711774 0
3 6 6 5 6 4 0.60500033370605560911 0
3 6 6 5 6 5 -0.36602540378443864676 0
3 6 6 5 6 6 -0.70710678118654752440 0
3 6 6 6 3 3 0.73205080756887729352 0
3 6 6 6 3 5 0.60500033370605560911 0
3 6 6 6 3 6 0.31317121731301543780 0
3 6 6 6 5 3 -0.60500033370605560911 0
3 6 6 6 5 5 0.36602540378443864676 0
3 6 6 6 5 6 0.70710678118654752440 0
3 6 6 6 6 3 0.31317121731301543780 0
3 6 6 6 6 5 -0.70710678118654752440 0
3 6 6 6 6 6 0.63397459621556135323 0
4 1 1 4 4 1 1.00000000000000000000 0
4 1 2 3 4 2 1.00000000000000000000 0
4 1 3 2 4 3 1.00000000000000000000 0
4 1 3 3 4 3 1.00000000000000000000 0
4 1 3 5 4 3 1.00000000000000000000 0
4 1 4 1 4 4 1.00000000000000000000 0
4 1 4 4 4 4 1.00000000000000000000 0
4 1 4 6 4 4 1.00000000000000000000 0
4 1 5 3 4 5 1.00000000000000000000 0
4 1 5 5 4 5 1.00000000000000000000 0
4 1 5 6 4 5 1.00000000000000000000 0
4 1 6 4 4 6 1.00000000000000000000 0
4 1 6 5 4 6 1.00000000000000000000 0
4 1 6 6 4 6 1.00000000000000000000 0
4 2 1 3 3 2 1.00000000000000000000 0
4 2 2 4 3 1 1.00000000000000000000 0
4 2 3 1 3 4 1.00000000000000000000 0
4 2 3 4 3 4 1.00000000000000000000 0
4 2 3 6 3 4 1.00000000000000000000 0
4 2 4 2 3 3 1.00000000000000000000 0
4 2 4 3 3 3 1.00000000000000000000 0
4 2 4 5 3 3 1.00000000000000000000 0
4 2 5 4 3 6 1.00000000000000000000 0
4 2 5 5 3 6 1.00000000000000000000 0
4 2 5 6 3 6 1.00000000000000000000 0
4 2 6 3 3 5 1.00000000000000000000 0
4 2 6 5 3 5 1.00000000000000000000 0
4 2 6 6 3 5 1.00000000000000000000 0
4 3 1 2 2 3 1.00000000000000000000 0
4 3 1 3 3 3 1.00000000000000000000 0
4 3 1 5 5 3 1.00000000000000000000 0
4 3 2 1 2 4 1.00000000000000000000 0
4 3 2 4 3 4 -1.00000000000000000000 0
4 3 2 6 5 4 1.00000000000000000000 0
4 3 3 1 3 4 -1.00000000000000000000 0
4 3 3 4 2 1 0.36602540378443864676 0
4 3 3 4 2 4 0.60500033370605560911 0
4 3 3 4 2 6 0.70710678118654752440 0
4 3 3 4 3 1 -0.60500033370605560911 0
4 3 3 4 3 4 -0.42264973081037423549 0
4 3 3 4 3 6 0.67479019054923994124 0
4 3 3 4 5 1 0.70710678118654752440 0
4 3 3 4 5 4 -0.67479019054923994124 0
4 3 3 4 5 6 0.21132486540518711774 0
4 3 3 5 5 6 1.00000000000000000000 0
4 3 3 6 3 4 0.57735026918962576450 0
4 3 3 6 3 6 0.81649658092772603273 0
4 3 3 6 5 4 0.81649658092772603273 0
4 3 3 6 5 6 -0.57735026918962576450 0
4 3 4 2 3 3 1.00000000000000000000 0
4 3 4 3 2 2 0.36602540378443864676 0
4 3 4 3 2 3 0.60500033370605560911 0
4 3 4 3 2 5 0.70710678118654752440 0
4 3 4 3 3 2 0.60500033370605560911 0
4 3 4 3 3 3 0.42264973081037423549 0
4 3 4 3 3 5 -0.67479019054923994124 0
4 3 4 3 5 2 0.70710678118654752440 0
4 3 4 3 5 3 -0.67479019054923994124 0
4 3 4 3 5 5 0.21132486540518711774 0
4 3 4 5 3 3 -0.57735026918962576450 0
4 3 4 5 3 5 -0.81649658092772603273 0
4 3 4 5 5 3 0.81649658092772603273 0
4 3 4 5 5 5 -0.57735026918962576450 0
4 3 4 6 5 5 1.00000000000000000000 0
4 3 5 1 5 4 1.00000000000000000000 0
4 3 5 3 5 5 1.00000000000000000000 0
4 3 5 4 3 4 0.57735026918962576450 0
4 3 5 4 3 6 0.81649658092772603273 0
4 3 5 4 5 4 0.81649658092772603273 0
4 3 5 4 5 6 -0.57735026918962576450 0
4 3 5 5 3 5 0.70710678118654752440 0
4 3 5 5 3 6 -0.70710678118654752440 0
4 3 5 5 5 5 0.70710678118654752440 0
4 3 5 5 5 6 0.70710678118654752440 0
4 3 5 6 2 4 0.51763809020504152469 0
4 3 5 6 2 5 0.60500033370605560911 0
4 3 5 6 2 6 0.60500033370605560911 0
4 3 5 6 3 4 0.69859421105000924732 0
4 3 5 6 3 5 -0.70710678118654752440 0
4 3 5 6 3 6 0.10938979974117850833 0
4 3 5 6 5 4 0.49398070393112768952 0
4 3 5 6 5 5 0.36602540378443864676 0
4 3 5 6 5 6 -0.78867513459481288225 0
4 3 6 2 5 3 1.00000000000000000000 0
4 3 6 3 3 3 -0.57735026918962576450 0
4 3 6 3 3 5 -0.81649658092772603273 0
4 3 6 3 5 3 0.81649658092772603273 0
4 3 6 3 5 5 -0.57735026918962576450 0
4 3 6 4 5 6 1.00000000000000000000 0
4 3 6 5 2 3 0.51763809020504152469 0
4 3 6 5 2 5 0.60500033370605560911 0
4 3 6 5 2 6 0.60500033370605560911 0
4 3 6 5 3 3 -0.69859421105000924732 0
4 3 6 5 3 5 -0.10938979974117850833 0
4 3 6 5 3 6 0.70710678118654752440 0
4 3 6 5 5 3 0.49398070393112768952 0
4 3 6 5 5 5 -0.78867513459481288225 0
4 3 6 5 5 6 0.36602540378443864676 0
4 3 6 6 3 5 0.70710678118654752440 0
4 3 6 6 3 6 -0.70710678118654752440 0
4 3 6 6 5 5 0.70710678118654752440 0
4 3 6 6 5 6 0.70710678118654752440 0
4 4 1 1 1 4 1.00000000000000000000 0
4 4 1 4 4 4 1.00000000000000000000 0
4 4 1 6 6 4 1.00000000000000000000 0
4 4 2 2 1 3 1.00000000000000000000 0
4 4 2 3 4 3 -1.00000000000000000000 0
4 4 2 5 6 3 1.00000000000000000000 0
4 4 3 2 4 3 -1.00000000000000000000 0
4 4 3 3 1 2 0.36602540378443864676 0
4 4 3 3 1 3 0.60500033370605560911 0
4 4 3 3 1 5 0.70710678118654752440 0
4 4 3 3 4 2 -0.60500033370605560911 0
4 4 3 3 4 3 -0.42264973081037423549 0
4 4 3 3 4 5 0.67479019054923994124 0
4 4 3 3 6 2 0.70710678118654752440 0
4 4 3 3 6 3 -0.67479019054923994124 0
4 4 3 3 6 5 0.21132486540518711774 0
4 4 3 5 4 3 0.57735026918962576450 0
4 4 3 5 4 5 0.81649658092772603273 0
4 4 3 5 6 3 0.81649658092772603273 0
4 4 3 5 6 5 -0.57735026918962576450 0
4 4 3 6 6 5 1.00000000000000000000 0
4 4 4 1 4 4 1.00000000000000000000 0
4 4 4 4 1 1 0.36602540378443864676 0
4 4 4 4 1 4 0.60500033370605560911 0
4 4 4 4 1 6 0.70710678118654752440 0
4 4 4 4 4 1 0.60500033370605560911 0
4 4 4 4 4 4 0.42264973081037423549 0
4 4 4 4 4 6 -0.67479019054923994124 0
4 4 4 4 6 1 0.70710678118654752440 0
4 4 4 4 6 4 -0.67479019054923994124 0
4 4 4 4 6 6 0.21132486540518711774 0
4 4 4 5 6 6 1.00000000000000000000 0
4 4 4 6 4 4 -0.57735026918962576450 0
4 4 4 6 4 6 -0.81649658092772603273 0
4 4 4 6 6 4 0.81649658092772603273 0
4 4 4 6 6 6 -0.57735026918962576450 0
4 4 5 2 6 3 1.00000000000000000000 0
4 4 5 3 4 3 0.57735026918962576450 0
4 4 5 3 4 5 0.81649658092772603273 0
4 4 5 3 6 3 0.81649658092772603273 0
4 4 5 3 6 5 -0.57735026918962576450 0
4 4 5 4 6 6 1.00000000000000000000 0
4 4 5 5 1 3 0.51763809020504152469 0
4 4 5 5 1 5 0.60500033370605560911 0
4 4 5 5 1 6 0.60500033370605560911 0
4 4 5 5 4 3 0.69859421105000924732 0
4 4 5 5 4 5 0.10938979974117850833 0
4 4 5 5 4 6 -0.70710678118654752440 0
4 4 5 5 6 3 0.49398070393112768952 0
4 4 5 5 6 5 -0.78867513459481288225 0
4 4 5 5 6 6 0.36602540378443864676 0
4 4 5 6 4 5 -0.70710678118654752440 0
4 4 5 6 4 6 0.70710678118654752440 0
4 4 5 6 6 5 0.70710678118654752440 0
4 4 5 6 6 6 0.70710678118654752440 0
4 4 6 1 6 4 1.00000000000000000000 0
4 4 6 3 6 5 1.00000000000000000000 0
4 4 6 4 4 4 -0.57735026918962576450 0
4 4 6 4 4 6 -0.81649658092772603273 0
4 4 6 4 6 4 0.81649658092772603273 0
4 4 6 4 6 6 -0.57735026918962576450 0
4 4 6 5 4 5 -0.70710678118654752440 0
4 4 6 5 4 6 0.70710678118654752440 0
4 4 6 5 6 5 0.70710678118654752440 0
4 4 6 5 6 6 0.70710678118654752440 0
4 4 6 6 1 4 0.51763809020504152469 0
4 4 6 6 1 5 0.60500033370605560911 0
4 4 6 6 1 6 0.60500033370605560911 0
4 4 6 6 4 4 -0.69859421105000924732 0
4 4 6 6 4 5 0.70710678118654752440 0
4 4 6 6 4 6 -0.10938979974117850833 0
4 4 6 6 6 4 0.49398070393112768952 0
4 4 6 6 6 5 0.36602540378443864676 0
4 4 6 6 6 6 -0.78867513459481288225 0
4 5 1 3 3 5 1.00000000000000000000 0
4 5 1 5 5 5 1.00000000000000000000 0
4 5 1 6 6 5 1.00000000000000000000 0
4 5 2 4 3 6 1.00000000000000000000 0
4 5 2 5 6 6 1.00000000000000000000 0
4 5 2 6 5 6 -1.00000000000000000000 0
4 5 3 1 3 4 1.00000000000000000000 0
4 5 3 3 6 5 1.00000000000000000000 0
4 5 3 4 3 4 -0.57735026918962576450 0
4 5 3 4 3 6 0.81649658092772603273 0
4 5 3 4 5 4 0.81649658092772603273 0
4 5 3 4 5 6 0.57735026918962576450 0
4 5 3 5 5 5 -0.86602540378443864676 0
4 5 3 5 5 6 -0.50000000000000000000 0
4 5 3 5 6 5 0.50000000000000000000 0
4 5 3 5 6 6 -0.86602540378443864676 0
4 5 3 6 3 4 0.15470053837925152901 0
4 5 3 6 3 5 0.85559967716735219296 0
4 5 3 6 3 6 -0.49398070393112768952 0
4 5 3 6 5 4 0.49398070393112768952 0
4 5 3 6 5 5 -0.50000000000000000000 0
4 5 3 6 5 6 -0.71132486540518711774 0
4 5 3 6 6 4 0.85559967716735219296 0
4 5 3 6 6 5 0.13397459621556135323 0
4 5 3 6 6 6 0.50000000000000000000 0
4 5 4 2 3 3 1.00000000000000000000 0
4 5 4 3 3 3 -0.57735026918962576450 0
4 5 4 3 3 5 0.81649658092772603273 0
4 5 4 3 5 3 -0.81649658092772603273 0
4 5 4 3 5 5 -0.57735026918962576450 0
4 5 4 4 6 6 1.00000000000000000000 0
4 5 4 5 3 3 0.15470053837925152901 0
4 5 4 5 3 5 -0.49398070393112768952 0
4 5 4 5 3 6 0.85559967716735219296 0
4 5 4 5 5 3 -0.49398070393112768952 0
4 5 4 5 5 5 0.71132486540518711774 0
4 5 4 5 5 6 0.50000000000000000000 0
4 5 4 5 6 3 0.85559967716735219296 0
4 5 4 5 6 5 0.50000000000000000000 0
4 5 4 5 6 6 0.13397459621556135323 0
4 5 4 6 5 5 0.50000000000000000000 0
4 5 4 6 5 6 0.86602540378443864676 0
4 5 4 6 6 5 -0.86602540378443864676 0
4 5 4 6 6 6 0.50000000000000000000 0
4 5 5 1 5 4 1.00000000000000000000 0
4 5 5 2 6 3 1.00000000000000000000 0
4 5 5 3 5 3 0.70710678118654752440 0
4 5 5 3 5 5 0.70710678118654752440 0
4 5 5 3 6 3 -0.70710678118654752440 0
4 5 5 3 6 5 0.70710678118654752440 0
4 5 5 4 3 1 0.51763809020504152469 0
4 5 5 4 3 4 0.69859421105000924732 0
4 5 5 4 3 6 0.49398070393112768952 0
4 5 5 4 5 1 0.60500033370605560911 0
4 5 5 4 5 4 0.10938979974117850833 0
4 5 5 4 5 6 -0.78867513459481288225 0
4 5 5 4 6 1 0.60500033370605560911 0
4 5 5 4 6 4 -0.70710678118654752440 0
4 5 5 4 6 6 0.36602540378443864676 0
4 5 5 5 3 3 0.73205080756887729352 0
4 5 5 5 3 5 0.60500033370605560911 0
4 5 5 5 3 6 0.31317121731301543780 0
4 5 5 5 5 3 0.60500033370605560911 0
4 5 5 5 5 5 -0.36602540378443864676 0
4 5 5 5 5 6 -0.70710678118654752440 0
4 5 5 5 6 3 0.31317121731301543780 0
4 5 5 5 6 5 -0.70710678118654752440 0
4 5 5 5 6 6 0.63397459621556135323 0
4 5 5 6 3 4 -0.42264973081037423549 0
4 5 5 6 3 5 0.60500033370605560911 0
4 5 5 6 3 6 -0.67479019054923994124 0
4 5 5 6 5 4 -0.67479019054923994124 0
4 5 5 6 5 5 -0.70710678118654752440 0
4 5 5 6 5 6 -0.21132486540518711774 0
4 5 5 6 6 4 0.60500033370605560911 0
4 5 5 6 6 5 -0.36602540378443864676 0
4 5 5 6 6 6 -0.70710678118654752440 0
4 5 6 1 6 4 1.00000000000000000000 0
4 5 6 2 5 3 -1.00000000000000000000 0
4 5 6 3 3 2 0.51763809020504152469 0
4 5 6 3 3 3 0.69859421105000924732 0
4 5 6 3 3 5 0.49398070393112768952 0
4 5 6 3 5 2 -0.60500033370605560911 0
4 5 6 3 5 3 -0.10938979974117850833 0
4 5 6 3 5 5 0.78867513459481288225 0
4 5 6 3 6 2 0.60500033370605560911 0
4 5 6 3 6 3 -0.70710678118654752440 0
4 5 6 3 6 5 0.36602540378443864676 0
4 5 6 4 5 4 -0.70710678118654752440 0
4 5 6 4 5 6 -0.70710678118654752440 0
4 5 6 4 6 4 -0.70710678118654752440 0
4 5 6 4 6 6 0.70710678118654752440 0
4 5 6 5 3 3 -0.42264973081037423549 0
4 5 6 5 3 5 -0.67479019054923994124 0
4 5 6 5 3 6 0.60500033370605560911 0
4 5 6 5 5 3 0.67479019054923994124 0
4 5 6 5 5 5 0.21132486540518711774 0
4 5 6 5 5 6 0.70710678118654752440 0
4 5 6 5 6 3 0.60500033370605560911 0
4 5 6 5 6 5 -0.70710678118654752440 0
4 5 6 5 6 6 -0.36602540378443864676 0
4 5 6 6 3 4 0.73205080756887729352 0
4 5 6 6 3 5 0.31317121731301543780 0
4 5 6 6 3 6 0.60500033370605560911 0
4 5 6 6 5 4 -0.60500033370605560911 0
4 5 6 6 5 5 0.70710678118654752440 0
4 5 6 6 5 6 0.36602540378443864676 0
4 5 6 6 6 4 0.31317121731301543780 0
4 5 6 6 6 5 0.63397459621556135323 0
4 5 6 6 6 6 -0.70710678118654752440 0
4 6 1 4 4 6 1.00000000000000000000 0
4 6 1 5 5 6 1.00000000000000000000 0
4 6 1 6 6 6 1.00000000000000000000 0
4 6 2 3 4 5 1.00000000000000000000 0
4 6 2 5 6 5 -1.00000000000000000000 0
4 6 2 6 5 5 1.00000000000000000000 0
4 6 3 2 4 3 1.00000000000000000000 0
4 6 3 3 4 3 -0.57735026918962576450 0
4 6 3 3 4 5 0.81649658092772603273 0
4 6 3 3 6 3 0.81649658092772603273 0
4 6 3 3 6 5 0.57735026918962576450 0
4 6 3 4 5 6 1.00000000000000000000 0
4 6 3 5 4 3 0.15470053837925152901 0
4 6 3 5 4 5 -0.49398070393112768952 0
4 6 3 5 4 6 0.85559967716735219296 0
4 6 3 5 5 3 0.85559967716735219296 0
4 6 3 5 5 5 0.50000000000000000000 0
4 6 3 5 5 6 0.13397459621556135323 0
4 6 3 5 6 3 0.49398070393112768952 0
4 6 3 5 6 5 -0.71132486540518711774 0
4 6 3 5 6 6 -0.50000000000000000000 0
4 6 3 6 5 5 -0.86602540378443864676 0
4 6 3 6 5 6 0.50000000000000000000 0
4 6 3 6 6 5 -0.50000000000000000000 0
4 6 3 6 6 6 -0.86602540378443864676 0
4 6 4 1 4 4 1.00000000000000000000 0
4 6 4 3 5 5 1.00000000000000000000 0
4 6 4 4 4 4 -0.57735026918962576450 0
4 6 4 4 4 6 0.81649658092772603273 0
4 6 4 4 6 4 -0.81649658092772603273 0
4 6 4 4 6 6 -0.57735026918962576450 0
4 6 4 5 5 5 0.50000000000000000000 0
4 6 4 5 5 6 -0.86602540378443864676 0
4 6 4 5 6 5 0.86602540378443864676 0
4 6 4 5 6 6 0.50000000000000000000 0
4 6 4 6 4 4 0.15470053837925152901 0
4 6 4 6 4 5 0.85559967716735219296 0
4 6 4 6 4 6 -0.49398070393112768952 0
4 6 4 6 5 4 0.85559967716735219296 0
4 6 4 6 5 5 0.13397459621556135323 0
4 6 4 6 5 6 0.50000000000000000000 0
4 6 4 6 6 4 -0.49398070393112768952 0
4 6 4 6 6 5 0.50000000000000000000 0
4 6 4 6 6 6 0.71132486540518711774 0
4 6 5 1 5 4 1.00000000000000000000 0
4 6 5 2 6 3 1.00000000000000000000 0
4 6 5 3 4 2 0.51763809020504152469 0
4 6 5 3 4 3 0.69859421105000924732 0
4 6 5 3 4 5 0.49398070393112768952 0
4 6 5 3 5 2 0.60500033370605560911 0
4 6 5 3 5 3 -0.70710678118654752440 0
4 6 5 3 5 5 0.36602540378443864676 0
4 6 5 3 6 2 0.60500033370605560911 0
4 6 5 3 6 3 0.10938979974117850833 0
4 6 5 3 6 5 -0.78867513459481288225 0
4 6 5 4 5 4 -0.70710678118654752440 0
4 6 5 4 5 6 0.70710678118654752440 0
4 6 5 4 6 4 0.70710678118654752440 0
4 6 5 4 6 6 0.70710678118654752440 0
4 6 5 5 4 3 -0.42264973081037423549 0
4 6 5 5 4 5 -0.67479019054923994124 0
4 6 5 5 4 6 0.60500033370605560911 0
4 6 5 5 5 3 0.60500033370605560911 0
4 6 5 5 5 5 -0.70710678118654752440 0
4 6 5 5 5 6 -0.36602540378443864676 0
4 6 5 5 6 3 -0.67479019054923994124 0
4 6 5 5 6 5 -0.21132486540518711774 0
4 6 5 5 6 6 -0.70710678118654752440 0
4 6 5 6 4 4 0.73205080756887729352 0
4 6 5 6 4 5 0.31317121731301543780 0
4 6 5 6 4 6 0.60500033370605560911 0
4 6 5 6 5 4 0.31317121731301543780 0
4 6 5 6 5 5 0.63397459621556135323 0
4 6 5 6 5 6 -0.70710678118654752440 0
4 6 5 6 6 4 0.60500033370605560911 0
4 6 5 6 6 5 -0.70710678118654752440 0
4 6 5 6 6 6 -0.36602540378443864676 0
4 6 6 1 6 4 -1.00000000000000000000 0
4 6 6 2 5 3 1.00000000000000000000 0
4 6 6 3 5 3 -0.70710678118654752440 0
4 6 6 3 5 5 0.70710678118654752440 0
4 6 6 3 6 3 -0.70710678118654752440 0
4 6 6 3 6 5 -0.70710678118654752440 0
4 6 6 4 4 1 0.51763809020504152469 0
4 6 6 4 4 4 0.69859421105000924732 0
4 6 6 4 4 6 0.49398070393112768952 0
4 6 6 4 5 1 0.60500033370605560911 0
4 6 6 4 5 4 -0.70710678118654752440 0
4 6 6 4 5 6 0.36602540378443864676 0
4 6 6 4 6 1 -0.60500033370605560911 0
4 6 6 4 6 4 -0.10938979974117850833 0
4 6 6 4 6 6 0.78867513459481288225 0
4 6 6 5 4 3 0.73205080756887729352 0
4 6 6 5 4 5 0.60500033370605560911 0
4 6 6 5 4 6 0.31317121731301543780 0
4 6 6 5 5 3 0.31317121731301543780 0
4 6 6 5 5 5 -0.70710678118654752440 0
4 6 6 5 5 6 0.63397459621556135323 0
4 6 6 5 6 3 -0.60500033370605560911 0
4 6 6 5 6 5 0.36602540378443864676 0
4 6 6 5 6 6 0.70710678118654752440 0
4 6 6 6 4 4 -0.42264973081037423549 0
4 6 6 6 4 5 0.60500033370605560911 0
4 6 6 6 4 6 -0.67479019054923994124 0
4 6 6 6 5 4 0.60500033370605560911 0
4 6 6 6 5 5 -0.36602540378443864676 0
4 6 6 6 5 6 -0.70710678118654752440 0
4 6 6 6 6 4 0.67479019054923994124 0
4 6 6 6 6 5 0.70710678118654752440 0
4 6 6 6 6 6 0.21132486540518711774 0
5 1 1 5 5 1 1.00000000000000000000 0
5 1 2 6 5 2 1.00000000000000000000 0
5 1 3 4 5 3 1.00000000000000000000 0
5 1 3 5 5 3 1.00000000000000000000 0
5 1 3 6 5 3 1.00000000000000000000 0
5 1 4 3 5 4 1.00000000000000000000 0
5 1 4 5 5 4 1.00000000000000000000 0
5 1 4 6 5 4 1.00000000000000000000 0
5 1 5 1 5 5 1.00000000000000000000 0
5 1 5 3 5 5 1.00000000000000000000 0
5 1 5 4 5 5 1.00000000000000000000 0
5 1 5 5 5 5 1.00000000000000000000 0
5 1 5 6 5 5 1.00000000000000000000 0
5 1 6 2 5 6 1.00000000000000000000 0
5 1 6 3 5 6 1.00000000000000000000 0
5 1 6 4 5 6 1.00000000000000000000 0
5 1 6 5 5 6 1.00000000000000000000 0
5 1 6 6 5 6 1.00000000000000000000 0
5 2 1 6 6 2 1.00000000000000000000 0
5 2 2 5 6 1 1.00000000000000000000 0
5 2 3 3 6 4 1.00000000000000000000 0
5 2 3 5 6 4 1.00000000000000000000 0
5 2 3 6 6 4 1.00000000000000000000 0
5 2 4 4 6 3 1.00000000000000000000 0
5 2 4 5 6 3 1.00000000000000000000 0
5 2 4 6 6 3 1.00000000000000000000 0
5 2 5 2 6 6 1.00000000000000000000 0
5 2 5 3 6 6 1.00000000000000000000 0
5 2 5 4 6 6 1.00000000000000000000 0
5 2 5 5 6 6 1.00000000000000000000 0
5 2 5 6 6 6 1.00000000000000000000 0
5 2 6 1 6 5 1.00000000000000000000 0
5 2 6 3 6 5 1.00000000000000000000 0
5 2 6 4 6 5 1.00000000000000000000 0
5 2 6 5 6 5 1.00000000000000000000 0
5 2 6 6 6 5 1.00000000000000000000 0
5 3 1 4 4 3 1.00000000000000000000 0
5 3 1 5 5 3 1.00000000000000000000 0
5 3 1 6 6 3 1.00000000000000000000 0
5 3 2 3 4 4 1.00000000000000000000 0
5 3 2 5 6 4 -1.00000000000000000000 0
5 3 2 6 5 4 1.00000000000000000000 0
5 3 3 2 4 6 1.00000000000000000000 0
5 3 3 3 4 4 -0.57735026918962576450 0
5 3 3 3 4 6 0.81649658092772603273 0
5 3 3 3 6 4 -0.81649658092772603273 0
5 3 3 3 6 6 -0.57735026918962576450 0
5 3 3 4 5 6 1.00000000000000000000 0
5 3 3 5 4 1 0.51763809020504152469 0
5 3 3 5 4 4 0.69859421105000924732 0
5 3 3 5 4 6 0.49398070393112768952 0
5 3 3 5 5 1 0.60500033370605560911 0
5 3 3 5 5 4 -0.70710678118654752440 0
5 3 3 5 5 6 0.36602540378443864676 0
5 3 3 5 6 1 -0.60500033370605560911 0
5 3 3 5 6 4 -0.10938979974117850833 0
5 3 3 5 6 6 0.78867513459481288225 0
5 3 3 6 5 4 -0.70710678118654752440 0
5 3 3 6 5 6 0.70710678118654752440 0
5 3 3 6 6 4 0.70710678118654752440 0
5 3 3 6 6 6 0.70710678118654752440 0
5 3 4 1 4 5 1.00000000000000000000 0
5 3 4 3 5 5 1.00000000000000000000 0
5 3 4 4 4 3 -0.57735026918962576450 0
5 3 4 4 4 5 0.81649658092772603273 0
5 3 4 4 6 3 0.81649658092772603273 0
5 3 4 4 6 5 0.57735026918962576450 0
5 3 4 5 5 3 -0.70710678118654752440 0
5 3 4 5 5 5 0.70710678118654752440 0
5 3 4 5 6 3 -0.70710678118654752440 0
5 3 4 5 6 5 -0.70710678118654752440 0
5 3 4 6 4 2 0.51763809020504152469 0
5 3 4 6 4 3 0.69859421105000924732 0
5 3 4 6 4 5 0.49398070393112768952 0
5 3 4 6 5 2 0.60500033370605560911 0
5 3 4 6 5 3 -0.70710678118654752440 0
5 3 4 6 5 5 0.36602540378443864676 0
5 3 4 6 6 2 0.60500033370605560911 0
5 3 4 6 6 3 0.10938979974117850833 0
5 3 4 6 6 5 -0.78867513459481288225 0
5 3 5 1 5 5 1.00000000000000000000 0
5 3 5 2 6 6 1.00000000000000000000 0
5 3 5 3 4 4 0.15470053837925152901 0
5 3 5 3 4 5 0.85559967716735219296 0
5 3 5 3 4 6 -0.49398070393112768952 0
5 3 5 3 5 4 0.85559967716735219296 0
5 3 5 3 5 5 0.13397459621556135323 0
5 3 5 3 5 6 0.50000000000000000000 0
5 3 5 3 6 4 -0.49398070393112768952 0
5 3 5 3 6 5 0.50000000000000000000 0
5 3 5 3 6 6 0.71132486540518711774 0
5 3 5 4 5 5 -0.86602540378443864676 0
5 3 5 4 5 6 0.50000000000000000000 0
5 3 5 4 6 5 -0.50000000000000000000 0
5 3 5 4 6 6 -0.86602540378443864676 0
5 3 5 5 4 4 -0.42264973081037423549 0
5 3 5 5 4 5 0.60500033370605560911 0
5 3 5 5 4 6 -0.67479019054923994124 0
5 3 5 5 5 4 0.60500033370605560911 0
5 3 5 5 5 5 -0.36602540378443864676 0
5 3 5 5 5 6 -0.70710678118654752440 0
5 3 5 5 6 4 0.67479019054923994124 0
5 3 5 5 6 5 0.70710678118654752440 0
5 3 5 5 6 6 0.21132486540518711774 0
5 3 5 6 4 4 0.73205080756887729352 0
5 3 5 6 4 5 0.31317121731301543780 0
5 3 5 6 4 6 0.60500033370605560911 0
5 3 5 6 5 4 0.31317121731301543780 0
5 3 5 6 5 5 0.63397459621556135323 0
5 3 5 6 5 6 -0.70710678118654752440 0
5 3 5 6 6 4 0.60500033370605560911 0
5 3 5 6 6 5 -0.70710678118654752440 0
5 3 5 6 6 6 -0.36602540378443864676 0
5 3 6 1 6 5 -1.00000000000000000000 0
5 3 6 2 5 6 1.00000000000000000000 0
5 3 6 3 5 5 0.50000000000000000000 0
5 3 6 3 5 6 -0.86602540378443864676 0
5 3 6 3 6 5 0.86602540378443864676 0
5 3 6 3 6 6 0.50000000000000000000 0
5 3 6 4 4 3 0.15470053837925152901 0
5 3 6 4 4 5 -0.49398070393112768952 0
5 3 6 4 4 6 0.85559967716735219296 0
5 3 6 4 5 3 0.85559967716735219296 0
5 3 6 4 5 5 0.50000000000000000000 0
5 3 6 4 5 6 0.13397459621556135323 0
5 3 6 4 6 3 0.49398070393112768952 0
5 3 6 4 6 5 -0.71132486540518711774 0
5 3 6 4 6 6 -0.50000000000000000000 0
5 3 6 5 4 3 0.73205080756887729352 0
5 3 6 5 4 5 0.60500033370605560911 0
5 3 6 5 4 6 0.31317121731301543780 0
5 3 6 5 5 3 0.31317121731301543780 0
5 3 6 5 5 5 -0.70710678118654752440 0
5 3 6 5 5 6 0.63397459621556135323 0
5 3 6 5 6 3 -0.60500033370605560911 0
5 3 6 5 6 5 0.36602540378443864676 0
5 3 6 5 6 6 0.70710678118654752440 0
5 3 6 6 4 3 -0.42264973081037423549 0
5 3 6 6 4 5 -0.67479019054923994124 0
5 3 6 6 4 6 0.60500033370605560911 0
5 3 6 6 5 3 0.60500033370605560911 0
5 3 6 6 5 5 -0.70710678118654752440 0
5 3 6 6 5 6 -0.36602540378443864676 0
5 3 6 6 6 3 -0.67479019054923994124 0
5 3 6 6 6 5 -0.21132486540518711774 0
5 3 6 6 6 6 -0.70710678118654752440 0
5 4 1 3 3 4 1.00000000000000000000 0
5 4 1 5 5 4 1.00000000000000000000 0
5 4 1 6 6 4 1.00000000000000000000 0
5 4 2 4 3 3 1.00000000000000000000 0
5 4 2 5 6 3 1.00000000000000000000 0
5 4 2 6 5 3 -1.00000000000000000000 0
5 4 3 1 3 5 1.00000000000000000000 0
5 4 3 3 6 5 1.00000000000000000000 0
5 4 3 4 3 3 -0.57735026918962576450 0
5 4 3 4 3 5 0.81649658092772603273 0
5 4 3 4 5 3 -0.81649658092772603273 0
5 4 3 4 5 5 -0.57735026918962576450 0
5 4 3 5 5 3 0.70710678118654752440 0
5 4 3 5 5 5 0.70710678118654752440 0
5 4 3 5 6 3 -0.70710678118654752440 0
5 4 3 5 6 5 0.70710678118654752440 0
5 4 3 6 3 2 0.51763809020504152469 0
5 4 3 6 3 3 0.69859421105000924732 0
5 4 3 6 3 5 0.49398070393112768952 0
5 4 3 6 5 2 -0.60500033370605560911 0
5 4 3 6 5 3 -0.10938979974117850833 0
5 4 3 6 5 5 0.78867513459481288225 0
5 4 3 6 6 2 0.60500033370605560911 0
5 4 3 6 6 3 -0.70710678118654752440 0
5 4 3 6 6 5 0.36602540378443864676 0
5 4 4 2 3 6 1.00000000000000000000 0
5 4 4 3 3 4 -0.57735026918962576450 0
5 4 4 3 3 6 0.81649658092772603273 0
5 4 4 3 5 4 0.81649658092772603273 0
5 4 4 3 5 6 0.57735026918962576450 0
5 4 4 4 6 6 1.00000000000000000000 0
5 4 4 5 3 1 0.51763809020504152469 0
5 4 4 5 3 4 0.69859421105000924732 0
5 4 4 5 3 6 0.49398070393112768952 0
5 4 4 5 5 1 0.60500033370605560911 0
5 4 4 5 5 4 0.10938979974117850833 0
5 4 4 5 5 6 -0.78867513459481288225 0
5 4 4 5 6 1 0.60500033370605560911 0
5 4 4 5 6 4 -0.70710678118654752440 0
5 4 4 5 6 6 0.36602540378443864676 0
5 4 4 6 5 4 -0.70710678118654752440 0
5 4 4 6 5 6 -0.70710678118654752440 0
5 4 4 6 6 4 -0.70710678118654752440 0
5 4 4 6 6 6 0.70710678118654752440 0
5 4 5 1 5 5 1.00000000000000000000 0
5 4 5 2 6 6 1.00000000000000000000 0
5 4 5 3 5 5 -0.86602540378443864676 0
5 4 5 3 5 6 -0.50000000000000000000 0
5 4 5 3 6 5 0.50000000000000000000 0
5 4 5 3 6 6 -0.86602540378443864676 0
5 4 5 4 3 3 0.15470053837925152901 0
5 4 5 4 3 5 -0.49398070393112768952 0
5 4 5 4 3 6 0.85559967716735219296 0
5 4 5 4 5 3 -0.49398070393112768952 0
5 4 5 4 5 5 0.71132486540518711774 0
5 4 5 4 5 6 0.50000000000000000000 0
5 4 5 4 6 3 0.85559967716735219296 0
5 4 5 4 6 5 0.50000000000000000000 0
5 4 5 4 6 6 0.13397459621556135323 0
5 4 5 5 3 3 0.73205080756887729352 0
5 4 5 5 3 5 0.60500033370605560911 0
5 4 5 5 3 6 0.31317121731301543780 0
5 4 5 5 5 3 0.60500033370605560911 0
5 4 5 5 5 5 -0.36602540378443864676 0
5 4 5 5 5 6 -0.70710678118654752440 0
5 4 5 5 6 3 0.31317121731301543780 0
5 4 5 5 6 5 -0.70710678118654752440 0
5 4 5 5 6 6 0.63397459621556135323 0
5 4 5 6 3 3 -0.42264973081037423549 0
5 4 5 6 3 5 -0.67479019054923994124 0
5 4 5 6 3 6 0.60500033370605560911 0
5 4 5 6 5 3 0.67479019054923994124 0
5 4 5 6 5 5 0.21132486540518711774 0
5 4 5 6 5 6 0.70710678118654752440 0
5 4 5 6 6 3 0.60500033370605560911 0
5 4 5 6 6 5 -0.70710678118654752440 0
5 4 5 6 6 6 -0.36602540378443864676 0
5 4 6 1 6 5 1.00000000000000000000 0
5 4 6 2 5 6 -1.00000000000000000000 0
5 4 6 3 3 4 0.15470053837925152901 0
5 4 6 3 3 5 0.85559967716735219296 0
5 4 6 3 3 6 -0.49398070393112768952 0
5 4 6 3 5 4 0.49398070393112768952 0
5 4 6 3 5 5 -0.50000000000000000000 0
5 4 6 3 5 6 -0.71132486540518711774 0
5 4 6 3 6 4 0.85559967716735219296 0
5 4 6 3 6 5 0.13397459621556135323 0
5 4 6 3 6 6 0.50000000000000000000 0
5 4 6 4 5 5 0.50000000000000000000 0
5 4 6 4 5 6 0.86602540378443864676 0
5 4 6 4 6 5 -0.86602540378443864676 0
5 4 6 4 6 6 0.50000000000000000000 0
5 4 6 5 3 4 -0.42264973081037423549 0
5 4 6 5 3 5 0.60500033370605560911 0
5 4 6 5 3 6 -0.67479019054923994124 0
5 4 6 5 5 4 -0.67479019054923994124 0
5 4 6 5 5 5 -0.70710678118654752440 0
5 4 6 5 5 6 -0.21132486540518711774 0
5 4 6 5 6 4 0.60500033370605560911 0
5 4 6 5 6 5 -0.36602540378443864676 0
5 4 6 5 6 6 -0.70710678118654752440 0
5 4 6 6 3 4 0.73205080756887729352 0
5 4 6 6 3 5 0.31317121731301543780 0
5 4 6 6 3 6 0.60500033370605560911 0
5 4 6 6 5 4 -0.60500033370605560911 0
5 4 6 6 5 5 0.70710678118654752440 0
5 4 6 6 5 6 0.36602540378443864676 0
5 4 6 6 6 4 0.31317121731301543780 0
5 4 6 6 6 5 0.63397459621556135323 0
5 4 6 6 6 6 -0.70710678118654752440 0
5 5 1 1 1 5 1.00000000000000000000 0
5 5 1 3 3 5 1.00000000000000000000 0
5 5 1 4 4 5 1.00000000000000000000 0
5 5 1 5 5 5 1.00000000000000000000 0
5 5 1 6 6 5 1.00000000000000000000 0
5 5 2 2 1 6 1.00000000000000000000 0
5 5 2 3 4 6 -1.00000000000000000000 0
5 5 2 4 3 6 1.00000000000000000000 0
5 5 2 5 6 6 1.00000000000000000000 0
5 5 2 6 5 6 -1.00000000000000000000 0
5 5 3 1 3 5 1.00000000000000000000 0
5 5 3 2 4 6 -1.00000000000000000000 0
5 5 3 3 1 4 0.51763809020504152469 0
5 5 3 3 1 5 0.60500033370605560911 0
5 5 3 3 1 6 0.60500033370605560911 0
5 5 3 3 4 4 -0.69859421105000924732 0
5 5 3 3 4 5 0.70710678118654752440 0
5 5 3 3 4 6 -0.10938979974117850833 0
5 5 3 3 6 4 0.49398070393112768952 0
5 5 3 3 6 5 0.36602540378443864676 0
5 5 3 3 6 6 -0.78867513459481288225 0
5 5 3 4 3 5 -0.70710678118654752440 0
5 5 3 4 3 6 -0.70710678118654752440 0
5 5 3 4 5 5 0.70710678118654752440 0
5 5 3 4 5 6 -0.70710678118654752440 0
5 5 3 5 4 4 -0.42264973081037423549 0
5 5 3 5 4 5 0.60500033370605560911 0
5 5 3 5 4 6 0.67479019054923994124 0
5 5 3 5 5 4 0.60500033370605560911 0
5 5 3 5 5 5 -0.36602540378443864676 0
5 5 3 5 5 6 0.70710678118654752440 0
5 5 3 5 6 4 -0.67479019054923994124 0
5 5 3 5 6 5 -0.70710678118654752440 0
5 5 3 5 6 6 0.21132486540518711774 0
5 5 3 6 3 4 0.73205080756887729352 0
5 5 3 6 3 5 0.31317121731301543780 0
5 5 3 6 3 6 0.60500033370605560911 0
5 5 3 6 5 4 -0.60500033370605560911 0
5 5 3 6 5 5 0.70710678118654752440 0
5 5 3 6 5 6 0.36602540378443864676 0
5 5 3 6 6 4 0.31317121731301543780 0
5 5 3 6 6 5 0.63397459621556135323 0
5 5 3 6 6 6 -0.70710678118654752440 0
5 5 4 1 4 5 1.00000000000000000000 0
5 5 4 2 3 6 1.00000000000000000000 0
5 5 4 3 3 5 -0.70710678118654752440 0
5 5 4 3 3 6 -0.70710678118654752440 0
5 5 4 3 5 5 0.70710678118654752440 0
5 5 4 3 5 6 -0.70710678118654752440 0
5 5 4 4 1 3 0.51763809020504152469 0
5 5 4 4 1 5 0.60500033370605560911 0
5 5 4 4 1 6 0.60500033370605560911 0
5 5 4 4 4 3 0.69859421105000924732 0
5 5 4 4 4 5 0.10938979974117850833 0
5 5 4 4 4 6 -0.70710678118654752440 0
5 5 4 4 6 3 0.49398070393112768952 0
5 5 4 4 6 5 -0.78867513459481288225 0
5 5 4 4 6 6 0.36602540378443864676 0
5 5 4 5 3 3 0.73205080756887729352 0
5 5 4 5 3 5 0.60500033370605560911 0
5 5 4 5 3 6 0.31317121731301543780 0
5 5 4 5 5 3 0.60500033370605560911 0
5 5 4 5 5 5 -0.36602540378443864676 0
5 5 4 5 5 6 -0.70710678118654752440 0
5 5 4 5 6 3 0.31317121731301543780 0
5 5 4 5 6 5 -0.70710678118654752440 0
5 5 4 5 6 6 0.63397459621556135323 0
5 5 4 6 4 3 0.42264973081037423549 0
5 5 4 6 4 5 -0.67479019054923994124 0
5 5 4 6 4 6 -0.60500033370605560911 0
5 5 4 6 5 3 -0.60500033370605560911 0
5 5 4 6 5 5 -0.70710678118654752440 0
5 5 4 6 5 6 0.36602540378443864676 0
5 5 4 6 6 3 -0.67479019054923994124 0
5 5 4 6 6 5 0.21132486540518711774 0
5 5 4 6 6 6 -0.70710678118654752440 0
5 5 5 1 5 5 1.00000000000000000000 0
5 5 5 2 6 6 1.00000000000000000000 0
5 5 5 3 4 4 -0.42264973081037423549 0
5 5 5 3 4 5 0.60500033370605560911 0
5 5 5 3 4 6 0.67479019054923994124 0
5 5 5 3 5 4 0.60500033370605560911 0
5 5 5 3 5 5 -0.36602540378443864676 0
5 5 5 3 5 6 0.70710678118654752440 0
5 5 5 3 6 4 -0.67479019054923994124 0
5 5 5 3 6 5 -0.70710678118654752440 0
5 5 5 3 6 6 0.21132486540518711774 0
5 5 5 4 3 3 0.73205080756887729352 0
5 5 5 4 3 5 0.60500033370605560911 0
5 5 5 4 3 6 0.31317121731301543780 0
5 5 5 4 5 3 0.60500033370605560911 0
5 5 5 4 5 5 -0.36602540378443864676 0
5 5 5 4 5 6 -0.70710678118654752440 0
5 5 5 4 6 3 0.31317121731301543780 0
5 5 5 4 6 5 -0.70710678118654752440 0
5 5 5 4 6 6 0.63397459621556135323 0
5 5 5 5 1 1 0.26794919243112270647 0
5 5 5 5 1 3 0.44289098286895826186 0
5 5 5 5 1 4 0.44289098286895826186 0
5 5 5 5 1 5 0.51763809020504152469 0
5 5 5 5 1 6 0.51763809020504152469 0
5 5 5 5 3 1 0.44289098286895826186 0
5 5 5 5 3 3 0.09807621135331594029 0
5 5 5 5 3 4 -0.63397459621556135323 0
5 5 5 5 3 5 -0.31317121731301543780 0
5 5 5 5 3 6 0.54242845985433675516 0
5 5 5 5 4 1 0.44289098286895826186 0
5 5 5 5 4 3 -0.63397459621556135323 0
5 5 5 5 4 4 0.52072594216369017578 0
5 5 5 5 4 5 -0.31317121731301543780 0
5 5 5 5 4 6 0.18080948661811225172 0
5 5 5 5 5 1 0.51763809020504152469 0
5 5 5 5 5 3 -0.31317121731301543780 0
5 5 5 5 5 4 -0.31317121731301543780 0
5 5 5 5 5 5 0.63397459621556135323 0
5 5 5 5 5 6 -0.36602540378443864676 0
5 5 5 5 6 1 0.51763809020504152469 0
5 5 5 5 6 3 0.54242845985433675516 0
5 5 5 5 6 4 0.18080948661811225172 0
5 5 5 5 6 5 -0.36602540378443864676 0
5 5 5 5 6 6 -0.52072594216369017578 0
5 5 5 6 3 3 0.36602540378443864676 0
5 5 5 6 3 4 0.36602540378443864676 0
5 5 5 6 3 5 -0.60500033370605560911 0
5 5 5 6 3 6 -0.60500033370605560911 0
5 5 5 6 4 3 -0.36602540378443864676 0
5 5 5 6 4 4 0.36602540378443864676 0
5 5 5 6 4 5 -0.60500033370605560911 0
5 5 5 6 4 6 0.60500033370605560911 0
5 5 5 6 5 3 0.60500033370605560911 0
5 5 5 6 5 4 -0.60500033370605560911 0
5 5 5 6 5 5 -0.36602540378443864676 0
5 5 5 6 5 6 0.36602540378443864676 0
5 5 5 6 6 3 -0.60500033370605560911 0
5 5 5 6 6 4 -0.60500033370605560911 0
5 5 5 6 6 5 -0.36602540378443864676 0
5 5 5 6 6 6 -0.36602540378443864676 0
5 5 6 1 6 5 1.00000000000000000000 0
5 5 6 2 5 6 -1.00000000000000000000 0
5 5 6 3 3 4 0.73205080756887729352 0
5 5 6 3 3 5 0.31317121731301543780 0
5 5 6 3 3 6 0.60500033370605560911 0
5 5 6 3 5 4 -0.60500033370605560911 0
5 5 6 3 5 5 0.70710678118654752440 0
5 5 6 3 5 6 0.36602540378443864676 0
5 5 6 3 6 4 0.31317121731301543780 0
5 5 6 3 6 5 0.63397459621556135323 0
5 5 6 3 6 6 -0.70710678118654752440 0
5 5 6 4 4 3 0.42264973081037423549 0
5 5 6 4 4 5 -0.67479019054923994124 0
5 5 6 4 4 6 -0.60500033370605560911 0
5 5 6 4 5 3 -0.60500033370605560911 0
5 5 6 4 5 5 -0.70710678118654752440 0
5 5 6 4 5 6 0.36602540378443864676 0
5 5 6 4 6 3 -0.67479019054923994124 0
5 5 6 4 6 5 0.21132486540518711774 0
5 5 6 4 6 6 -0.70710678118654752440 0
5 5 6 5 3 3 0.36602540378443864676 0
5 5 6 5 3 4 0.36602540378443864676 0
5 5 6 5 3 5 -0.60500033370605560911 0
5 5 6 5 3 6 -0.60500033370605560911 0
5 5 6 5 4 3 -0.36602540378443864676 0
5 5 6 5 4 4 0.36602540378443864676 0
5 5 6 5 4 5 -0.60500033370605560911 0
5 5 6 5 4 6 0.60500033370605560911 0
5 5 6 5 5 3 0.60500033370605560911 0
5 5 6 5 5 4 -0.60500033370605560911 0
5 5 6 5 5 5 -0.36602540378443864676 0
5 5 6 5 5 6 0.36602540378443864676 0
5 5 6 5 6 3 -0.60500033370605560911 0
5 5 6 5 6 4 -0.60500033370605560911 0
5 5 6 5 6 5 -0.36602540378443864676 0
5 5 6 5 6 6 -0.36602540378443864676 0
5 5 6 6 1 2 0.26794919243112270647 0
5 5 6 6 1 3 0.44289098286895826186 0
5 5 6 6 1 4 0.44289098286895826186 0
5 5 6 6 1 5 0.51763809020504152469 0
5 5 6 6 1 6 0.51763809020504152469 0
5 5 6 6 3 2 0.44289098286895826186 0
5 5 6 6 3 3 -0.63397459621556135323 0
5 5 6 6 3 4 0.09807621135331594029 0
5 5 6 6 3 5 0.54242845985433675516 0
5 5 6 6 3 6 -0.31317121731301543780 0
5 5 6 6 4 2 -0.44289098286895826186 0
5 5 6 6 4 3 -0.52072594216369017578 0
5 5 6 6 4 4 0.63397459621556135323 0
5 5 6 6 4 5 -0.18080948661811225172 0
5 5 6 6 4 6 0.31317121731301543780 0
5 5 6 6 5 2 -0.51763809020504152469 0
5 5 6 6 5 3 0.31317121731301543780 0
5 5 6 6 5 4 0.31317121731301543780 0
5 5 6 6 5 5 0.36602540378443864676 0
5 5 6 6 5 6 -0.63397459621556135323 0
5 5 6 6 6 2 0.51763809020504152469 0
5 5 6 6 6 3 0.18080948661811225172 0
5 5 6 6 6 4 0.54242845985433675516 0
5 5 6 6 6 5 -0.52072594216369017578 0
5 5 6 6 6 6 -0.36602540378443864676 0
5 6 1 2 2 6 1.00000000000000000000 0
5 6 1 3 3 6 1.00000000000000000000 0
5 6 1 4 4 6 1.00000000000000000000 0
5 6 1 5 5 6 1.00000000000000000000 0
5 6 1 6 6 6 1.00000000000000000000 0
5 6 2 1 2 5 1.00000000000000000000 0
5 6 2 3 4 5 1.00000000000000000000 0
5 6 2 4 3 5 -1.00000000000000000000 0
5 6 2 5 6 5 -1.00000000000000000000 0
5 6 2 6 5 5 1.00000000000000000000 0
5 6 3 1 3 5 -1.00000000000000000000 0
5 6 3 2 4 6 1.00000000000000000000 0
5 6 3 3 4 5 -0.70710678118654752440 0
5 6 3 3 4 6 -0.70710678118654752440 0
5 6 3 3 6 5 -0.70710678118654752440 0
5 6 3 3 6 6 0.70710678118654752440 0
5 6 3 4 2 3 0.51763809020504152469 0
5 6 3 4 2 5 0.60500033370605560911 0
5 6 3 4 2 6 0.60500033370605560911 0
5 6 3 4 3 3 -0.69859421105000924732 0
5 6 3 4 3 5 -0.10938979974117850833 0
5 6 3 4 3 6 0.70710678118654752440 0
5 6 3 4 5 3 0.49398070393112768952 0
5 6 3 4 5 5 -0.78867513459481288225 0
5 6 3 4 5 6 0.36602540378443864676 0
5 6 3 5 4 3 0.73205080756887729352 0
5 6 3 5 4 5 0.60500033370605560911 0
5 6 3 5 4 6 0.31317121731301543780 0
5 6 3 5 5 3 0.31317121731301543780 0
5 6 3 5 5 5 -0.70710678118654752440 0
5 6 3 5 5 6 0.63397459621556135323 0
5 6 3 5 6 3 -0.60500033370605560911 0
5 6 3 5 6 5 0.36602540378443864676 0
5 6 3 5 6 6 0.70710678118654752440 0
5 6 3 6 3 3 -0.42264973081037423549 0
5 6 3 6 3 5 0.67479019054923994124 0
5 6 3 6 3 6 0.60500033370605560911 0
5 6 3 6 5 3 -0.67479019054923994124 0
5 6 3 6 5 5 0.21132486540518711774 0
5 6 3 6 5 6 -0.70710678118654752440 0
5 6 3 6 6 3 0.60500033370605560911 0
5 6 3 6 6 5 0.70710678118654752440 0
5 6 3 6 6 6 -0.36602540378443864676 0
5 6 4 1 4 5 1.00000000000000000000 0
5 6 4 2 3 6 1.00000000000000000000 0
5 6 4 3 2 4 0.51763809020504152469 0
5 6 4 3 2 5 0.60500033370605560911 0
5 6 4 3 2 6 0.60500033370605560911 0
5 6 4 3 3 4 0.69859421105000924732 0
5 6 4 3 3 5 -0.70710678118654752440 0
5 6 4 3 3 6 0.10938979974117850833 0
5 6 4 3 5 4 0.49398070393112768952 0
5 6 4 3 5 5 0.36602540378443864676 0
5 6 4 3 5 6 -0.78867513459481288225 0
5 6 4 4 4 5 -0.70710678118654752440 0
5 6 4 4 4 6 -0.70710678118654752440 0
5 6 4 4 6 5 -0.70710678118654752440 0
5 6 4 4 6 6 0.70710678118654752440 0
5 6 4 5 3 4 0.42264973081037423549 0
5 6 4 5 3 5 -0.60500033370605560911 0
5 6 4 5 3 6 -0.67479019054923994124 0
5 6 4 5 5 4 -0.67479019054923994124 0
5 6 4 5 5 5 -0.70710678118654752440 0
5 6 4 5 5 6 0.21132486540518711774 0
5 6 4 5 6 4 -0.60500033370605560911 0
5 6 4 5 6 5 0.36602540378443864676 0
5 6 4 5 6 6 -0.70710678118654752440 0
5 6 4 6 4 4 0.73205080756887729352 0
5 6 4 6 4 5 0.31317121731301543780 0
5 6 4 6 4 6 0.60500033370605560911 0
5 6 4 6 5 4 0.31317121731301543780 0
5 6 4 6 5 5 0.63397459621556135323 0
5 6 4 6 5 6 -0.70710678118654752440 0
5 6 4 6 6 4 0.60500033370605560911 0
5 6 4 6 6 5 -0.70710678118654752440 0
5 6 4 6 6 6 -0.36602540378443864676 0
5 6 5 1 5 5 1.00000000000000000000 0
5 6 5 2 6 6 1.00000000000000000000 0
5 6 5 3 4 4 0.73205080756887729352 0
5 6 5 3 4 5 0.31317121731301543780 0
5 6 5 3 4 6 0.60500033370605560911 0
5 6 5 3 5 4 0.31317121731301543780 0
5 6 5 3 5 5 0.63397459621556135323 0
5 6 5 3 5 6 -0.70710678118654752440 0
5 6 5 3 6 4 0.60500033370605560911 0
5 6 5 3 6 5 -0.70710678118654752440 0
5 6 5 3 6 6 -0.36602540378443864676 0
5 6 5 4 3 3 -0.42264973081037423549 0
5 6 5 4 3 5 0.67479019054923994124 0
5 6 5 4 3 6 0.60500033370605560911 0
5 6 5 4 5 3 -0.67479019054923994124 0
5 6 5 4 5 5 0.21132486540518711774 0
5 6 5 4 5 6 -0.70710678118654752440 0
5 6 5 4 6 3 0.60500033370605560911 0
5 6 5 4 6 5 0.70710678118654752440 0
5 6 5 4 6 6 -0.36602540378443864676 0
5 6 5 5 3 3 0.36602540378443864676 0
5 6 5 5 3 4 -0.36602540378443864676 0
5 6 5 5 3 5 0.60500033370605560911 0
5 6 5 5 3 6 -0.60500033370605560911 0
5 6 5 5 4 3 0.36602540378443864676 0
5 6 5 5 4 4 0.36602540378443864676 0
5 6 5 5 4 5 -0.60500033370605560911 0
5 6 5 5 4 6 -0.60500033370605560911 0
5 6 5 5 5 3 -0.60500033370605560911 0
5 6 5 5 5 4 -0.60500033370605560911 0
5 6 5 5 5 5 -0.36602540378443864676 0
5 6 5 5 5 6 -0.36602540378443864676 0
5 6 5 5 6 3 -0.60500033370605560911 0
5 6 5 5 6 4 0.60500033370605560911 0
5 6 5 5 6 5 0.36602540378443864676 0
5 6 5 5 6 6 -0.36602540378443864676 0
5 6 5 6 2 2 0.26794919243112270647 0
5 6 5 6 2 3 0.44289098286895826186 0
5 6 5 6 2 4 0.44289098286895826186 0
5 6 5 6 2 5 0.51763809020504152469 0
5 6 5 6 2 6 0.51763809020504152469 0
5 6 5 6 3 2 0.44289098286895826186 0
5 6 5 6 3 3 0.52072594216369017578 0
5 6 5 6 3 4 -0.63397459621556135323 0
5 6 5 6 3 5 0.18080948661811225172 0
5 6 5 6 3 6 -0.31317121731301543780 0
5 6 5 6 4 2 0.44289098286895826186 0
5 6 5 6 4 3 -0.63397459621556135323 0
5 6 5 6 4 4 0.09807621135331594029 0
5 6 5 6 4 5 0.54242845985433675516 0
5 6 5 6 4 6 -0.31317121731301543780 0
5 6 5 6 5 2 0.51763809020504152469 0
5 6 5 6 5 3 0.18080948661811225172 0
5 6 5 6 5 4 0.54242845985433675516 0
5 6 5 6 5 5 -0.52072594216369017578 0
5 6 5 6 5 6 -0.36602540378443864676 0
5 6 5 6 6 2 0.51763809020504152469 0
5 6 5 6 6 3 -0.31317121731301543780 0
5 6 5 6 6 4 -0.31317121731301543780 0
5 6 5 6 6 5 -0.36602540378443864676 0
5 6 5 6 6 6 0.63397459621556135323 0
5 6 6 1 6 5 -1.00000000000000000000 0
5 6 6 2 5 6 1.00000000000000000000 0
5 6 6 3 3 4 0.42264973081037423549 0
5 6 6 3 3 5 -0.60500033370605560911 0
5 6 6 3 3 6 -0.67479019054923994124 0
5 6 6 3 5 4 -0.67479019054923994124 0
5 6 6 3 5 5 -0.70710678118654752440 0
5 6 6 3 5 6 0.21132486540518711774 0
5 6 6 3 6 4 -0.60500033370605560911 0
5 6 6 3 6 5 0.36602540378443864676 0
5 6 6 3 6 6 -0.70710678118654752440 0
5 6 6 4 4 3 0.73205080756887729352 0
5 6 6 4 4 5 0.60500033370605560911 0
5 6 6 4 4 6 0.31317121731301543780 0
5 6 6 4 5 3 0.31317121731301543780 0
5 6 6 4 5 5 -0.70710678118654752440 0
5 6 6 4 5 6 0.63397459621556135323 0
5 6 6 4 6 3 -0.60500033370605560911 0
5 6 6 4 6 5 0.36602540378443864676 0
5 6 6 4 6 6 0.70710678118654752440 0
5 6 6 5 2 1 0.26794919243112270647 0
5 6 6 5 2 3 0.44289098286895826186 0
5 6 6 5 2 4 0.44289098286895826186 0
5 6 6 5 2 5 0.51763809020504152469 0
5 6 6 5 2 6 0.51763809020504152469 0
5 6 6 5 3 1 -0.44289098286895826186 0
5 6 6 5 3 3 0.63397459621556135323 0
5 6 6 5 3 4 -0.52072594216369017578 0
5 6 6 5 3 5 0.31317121731301543780 0
5 6 6 5 3 6 -0.18080948661811225172 0
5 6 6 5 4 1 0.44289098286895826186 0
5 6 6 5 4 3 0.09807621135331594029 0
5 6 6 5 4 4 -0.63397459621556135323 0
5 6 6 5 4 5 -0.31317121731301543780 0
5 6 6 5 4 6 0.54242845985433675516 0
5 6 6 5 5 1 0.51763809020504152469 0
5 6 6 5 5 3 0.54242845985433675516 0
5 6 6 5 5 4 0.18080948661811225172 0
5 6 6 5 5 5 -0.36602540378443864676 0
5 6 6 5 5 6 -0.52072594216369017578 0
5 6 6 5 6 1 -0.51763809020504152469 0
5 6 6 5 6 3 0.31317121731301543780 0
5 6 6 5 6 4 0.31317121731301543780 0
5 6 6 5 6 5 -0.63397459621556135323 0
5 6 6 5 6 6 0.36602540378443864676 0
5 6 6 6 3 3 0.36602540378443864676 0
5 6 6 6 3 4 -0.36602540378443864676 0
5 6 6 6 3 5 0.60500033370605560911 0
5 6 6 6 3 6 -0.60500033370605560911 0
5 6 6 6 4 3 0.36602540378443864676 0
5 6 6 6 4 4 0.36602540378443864676 0
5 6 6 6 4 5 -0.60500033370605560911 0
5 6 6 6 4 6 -0.60500033370605560911 0
5 6 6 6 5 3 -0.60500033370605560911 0
5 6 6 6 5 4 -0.60500033370605560911 0
5 6 6 6 5 5 -0.36602540378443864676 0
5 6 6 6 5 6 -0.36602540378443864676 0
5 6 6 6 6 3 -0.60500033370605560911 0
5 6 6 6 6 4 0.60500033370605560911 0
5 6 6 6 6 5 0.36602540378443864676 0
5 6 6 6 6 6 -0.36602540378443864676 0
6 1 1 6 6 1 1.00000000000000000000 0
6 1 2 5 6 2 1.00000000000000000000 0
6 1 3 3 6 3 1.00000000000000000000 0
6 1 3 5 6 3 1.00000000000000000000 0
6 1 3 6 6 3 1.00000000000000000000 0
6 1 4 4 6 4 1.00000000000000000000 0
6 1 4 5 6 4 1.00000000000000000000 0
6 1 4 6 6 4 1.00000000000000000000 0
6 1 5 2 6 5 1.00000000000000000000 0
6 1 5 3 6 5 1.00000000000000000000 0
6 1 5 4 6 5 1.00000000000000000000 0
6 1 5 5 6 5 1.00000000000000000000 0
6 1 5 6 6 5 1.00000000000000000000 0
6 1 6 1 6 6 1.00000000000000000000 0
6 1 6 3 6 6 1.00000000000000000000 0
6 1 6 4 6 6 1.00000000000000000000 0
6 1 6 5 6 6 1.00000000000000000000 0
6 1 6 6 6 6 1.00000000000000000000 0
6 2 1 5 5 2 1.00000000000000000000 0
6 2 2 6 5 1 1.00000000000000000000 0
6 2 3 4 5 4 1.00000000000000000000 0
6 2 3 5 5 4 1.00000000000000000000 0
6 2 3 6 5 4 1.00000000000000000000 0
6 2 4 3 5 3 1.00000000000000000000 0
6 2 4 5 5 3 1.00000000000000000000 0
6 2 4 6 5 3 1.00000000000000000000 0
6 2 5 1 5 6 1.00000000000000000000 0
6 2 5 3 5 6 1.00000000000000000000 0
6 2 5 4 5 6 1.00000000000000000000 0
6 2 5 5 5 6 1.00000000000000000000 0
6 2 5 6 5 6 1.00000000000000000000 0
6 2 6 2 5 5 1.00000000000000000000 0
6 2 6 3 5 5 1.00000000000000000000 0
6 2 6 4 5 5 1.00000000000000000000 0
6 2 6 5 5 5 1.00000000000000000000 0
6 2 6 6 5 5 1.00000000000000000000 0
6 3 1 3 3 3 1.00000000000000000000 0
6 3 1 5 5 3 1.00000000000000000000 0
6 3 1 6 6 3 1.00000000000000000000 0
6 3 2 4 3 4 1.00000000000000000000 0
6 3 2 5 6 4 1.00000000000000000000 0
6 3 2 6 5 4 -1.00000000000000000000 0
6 3 3 1 3 6 1.00000000000000000000 0
6 3 3 3 6 6 1.00000000000000000000 0
6 3 3 4 3 4 -0.57735026918962576450 0
6 3 3 4 3 6 0.81649658092772603273 0
6 3 3 4 5 4 -0.81649658092772603273 0
6 3 3 4 5 6 -0.57735026918962576450 0
6 3 3 5 5 4 0.70710678118654752440 0
6 3 3 5 5 6 0.70710678118654752440 0
6 3 3 5 6 4 -0.70710678118654752440 0
6 3 3 5 6 6 0.70710678118654752440 0
6 3 3 6 3 1 0.51763809020504152469 0
6 3 3 6 3 4 0.69859421105000924732 0
6 3 3 6 3 6 0.49398070393112768952 0
6 3 3 6 5 1 -0.60500033370605560911 0
6 3 3 6 5 4 -0.10938979974117850833 0
6 3 3 6 5 6 0.78867513459481288225 0
6 3 3 6 6 1 0.60500033370605560911 0
6 3 3 6 6 4 -0.70710678118654752440 0
6 3 3 6 6 6 0.36602540378443864676 0
6 3 4 2 3 5 1.00000000000000000000 0
6 3 4 3 3 3 -0.57735026918962576450 0
6 3 4 3 3 5 0.81649658092772603273 0
6 3 4 3 5 3 0.81649658092772603273 0
6 3 4 3 5 5 0.57735026918962576450 0
6 3 4 4 6 5 1.00000000000000000000 0
6 3 4 5 3 2 0.51763809020504152469 0
6 3 4 5 3 3 0.69859421105000924732 0
6 3 4 5 3 5 0.49398070393112768952 0
6 3 4 5 5 2 0.60500033370605560911 0
6 3 4 5 5 3 0.10938979974117850833 0
6 3 4 5 5 5 -0.78867513459481288225 0
6 3 4 5 6 2 0.60500033370605560911 0
6 3 4 5 6 3 -0.70710678118654752440 0
6 3 4 5 6 5 0.36602540378443864676 0
6 3 4 6 5 3 -0.70710678118654752440 0
6 3 4 6 5 5 -0.70710678118654752440 0
6 3 4 6 6 3 -0.70710678118654752440 0
6 3 4 6 6 5 0.70710678118654752440 0
6 3 5 1 5 6 1.00000000000000000000 0
6 3 5 2 6 5 1.00000000000000000000 0
6 3 5 3 5 5 -0.50000000000000000000 0
6 3 5 3 5 6 -0.86602540378443864676 0
6 3 5 3 6 5 -0.86602540378443864676 0
6 3 5 3 6 6 0.50000000000000000000 0
6 3 5 4 3 4 0.15470053837925152901 0
6 3 5 4 3 5 0.85559967716735219296 0
6 3 5 4 3 6 -0.49398070393112768952 0
6 3 5 4 5 4 -0.49398070393112768952 0
6 3 5 4 5 5 0.50000000000000000000 0
6 3 5 4 5 6 0.71132486540518711774 0
6 3 5 4 6 4 0.85559967716735219296 0
6 3 5 4 6 5 0.13397459621556135323 0
6 3 5 4 6 6 0.50000000000000000000 0
6 3 5 5 3 4 0.73205080756887729352 0
6 3 5 5 3 5 0.31317121731301543780 0
6 3 5 5 3 6 0.60500033370605560911 0
6 3 5 5 5 4 0.60500033370605560911 0
6 3 5 5 5 5 -0.70710678118654752440 0
6 3 5 5 5 6 -0.36602540378443864676 0
6 3 5 5 6 4 0.31317121731301543780 0
6 3 5 5 6 5 0.63397459621556135323 0
6 3 5 5 6 6 -0.70710678118654752440 0
6 3 5 6 3 4 -0.42264973081037423549 0
6 3 5 6 3 5 0.60500033370605560911 0
6 3 5 6 3 6 -0.67479019054923994124 0
6 3 5 6 5 4 0.67479019054923994124 0
6 3 5 6 5 5 0.70710678118654752440 0
6 3 5 6 5 6 0.21132486540518711774 0
6 3 5 6 6 4 0.60500033370605560911 0
6 3 5 6 6 5 -0.36602540378443864676 0
6 3 5 6 6 6 -0.70710678118654752440 0
6 3 6 1 6 6 1.00000000000000000000 0
6 3 6 2 5 5 -1.00000000000000000000 0
6 3 6 3 3 3 0.15470053837925152901 0
6 3 6 3 3 5 -0.49398070393112768952 0
6 3 6 3 3 6 0.85559967716735219296 0
6 3 6 3 5 3 0.49398070393112768952 0
6 3 6 3 5 5 -0.71132486540518711774 0
6 3 6 3 5 6 -0.50000000000000000000 0
6 3 6 3 6 3 0.85559967716735219296 0
6 3 6 3 6 5 0.50000000000000000000 0
6 3 6 3 6 6 0.13397459621556135323 0
6 3 6 4 5 5 0.86602540378443864676 0
6 3 6 4 5 6 0.50000000000000000000 0
6 3 6 4 6 5 0.50000000000000000000 0
6 3 6 4 6 6 -0.86602540378443864676 0
6 3 6 5 3 3 -0.42264973081037423549 0
6 3 6 5 3 5 -0.67479019054923994124 0
6 3 6 5 3 6 0.60500033370605560911 0
6 3 6 5 5 3 -0.67479019054923994124 0
6 3 6 5 5 5 -0.21132486540518711774 0
6 3 6 5 5 6 -0.70710678118654752440 0
6 3 6 5 6 3 0.60500033370605560911 0
6 3 6 5 6 5 -0.70710678118654752440 0
6 3 6 5 6 6 -0.36602540378443864676 0
6 3 6 6 3 3 0.73205080756887729352 0
6 3 6 6 3 5 0.60500033370605560911 0
6 3 6 6 3 6 0.31317121731301543780 0
6 3 6 6 5 3 -0.60500033370605560911 0
6 3 6 6 5 5 0.36602540378443864676 0
6 3 6 6 5 6 0.70710678118654752440 0
6 3 6 6 6 3 0.31317121731301543780 0
6 3 6 6 6 5 -0.70710678118654752440 0
6 3 6 6 6 6 0.63397459621556135323 0
6 4 1 4 4 4 1.00000000000000000000 0
6 4 1 5 5 4 1.00000000000000000000 0
6 4 1 6 6 4 1.00000000000000000000 0
6 4 2 3 4 3 1.00000000000000000000 0
6 4 2 5 6 3 -1.00000000000000000000 0
6 4 2 6 5 3 1.00000000000000000000 0
6 4 3 2 4 5 1.00000000000000000000 0
6 4 3 3 4 3 -0.57735026918962576450 0
6 4 3 3 4 5 0.81649658092772603273 0
6 4 3 3 6 3 -0.81649658092772603273 0
6 4 3 3 6 5 -0.57735026918962576450 0
6 4 3 4 5 5 1.00000000000000000000 0
6 4 3 5 4 2 0.51763809020504152469 0
6 4 3 5 4 3 0.69859421105000924732 0
6 4 3 5 4 5 0.49398070393112768952 0
6 4 3 5 5 2 0.60500033370605560911 0
6 4 3 5 5 3 -0.70710678118654752440 0
6 4 3 5 5 5 0.36602540378443864676 0
6 4 3 5 6 2 -0.60500033370605560911 0
6 4 3 5 6 3 -0.10938979974117850833 0
6 4 3 5 6 5 0.78867513459481288225 0
6 4 3 6 5 3 -0.70710678118654752440 0
6 4 3 6 5 5 0.70710678118654752440 0
6 4 3 6 6 3 0.70710678118654752440 0
6 4 3 6 6 5 0.70710678118654752440 0
6 4 4 1 4 6 1.00000000000000000000 0
6 4 4 3 5 6 1.00000000000000000000 0
6 4 4 4 4 4 -0.57735026918962576450 0
6 4 4 4 4 6 0.81649658092772603273 0
6 4 4 4 6 4 0.81649658092772603273 0
6 4 4 4 6 6 0.57735026918962576450 0
6 4 4 5 5 4 -0.70710678118654752440 0
6 4 4 5 5 6 0.70710678118654752440 0
6 4 4 5 6 4 -0.70710678118654752440 0
6 4 4 5 6 6 -0.70710678118654752440 0
6 4 4 6 4 1 0.51763809020504152469 0
6 4 4 6 4 4 0.69859421105000924732 0
6 4 4 6 4 6 0.49398070393112768952 0
6 4 4 6 5 1 0.60500033370605560911 0
6 4 4 6 5 4 -0.70710678118654752440 0
6 4 4 6 5 6 0.36602540378443864676 0
6 4 4 6 6 1 0.60500033370605560911 0
6 4 4 6 6 4 0.10938979974117850833 0
6 4 4 6 6 6 -0.78867513459481288225 0
6 4 5 1 5 6 1.00000000000000000000 0
6 4 5 2 6 5 1.00000000000000000000 0
6 4 5 3 4 3 0.15470053837925152901 0
6 4 5 3 4 5 -0.49398070393112768952 0
6 4 5 3 4 6 0.85559967716735219296 0
6 4 5 3 5 3 0.85559967716735219296 0
6 4 5 3 5 5 0.50000000000000000000 0
6 4 5 3 5 6 0.13397459621556135323 0
6 4 5 3 6 3 -0.49398070393112768952 0
6 4 5 3 6 5 0.71132486540518711774 0
6 4 5 3 6 6 0.50000000000000000000 0
6 4 5 4 5 5 0.50000000000000000000 0
6 4 5 4 5 6 -0.86602540378443864676 0
6 4 5 4 6 5 -0.86602540378443864676 0
6 4 5 4 6 6 -0.50000000000000000000 0
6 4 5 5 4 3 -0.42264973081037423549 0
6 4 5 5 4 5 -0.67479019054923994124 0
6 4 5 5 4 6 0.60500033370605560911 0
6 4 5 5 5 3 0.60500033370605560911 0
6 4 5 5 5 5 -0.70710678118654752440 0
6 4 5 5 5 6 -0.36602540378443864676 0
6 4 5 5 6 3 0.67479019054923994124 0
6 4 5 5 6 5 0.21132486540518711774 0
6 4 5 5 6 6 0.70710678118654752440 0
6 4 5 6 4 3 0.73205080756887729352 0
6 4 5 6 4 5 0.60500033370605560911 0
6 4 5 6 4 6 0.31317121731301543780 0
6 4 5 6 5 3 0.31317121731301543780 0
6 4 5 6 5 5 -0.70710678118654752440 0
6 4 5 6 5 6 0.63397459621556135323 0
6 4 5 6 6 3 0.60500033370605560911 0
6 4 5 6 6 5 -0.36602540378443864676 0
6 4 5 6 6 6 -0.70710678118654752440 0
6 4 6 1 6 6 -1.00000000000000000000 0
6 4 6 2 5 5 1.00000000000000000000 0
6 4 6 3 5 5 -0.86602540378443864676 0
6 4 6 3 5 6 0.50000000000000000000 0
6 4 6 3 6 5 0.50000000000000000000 0
6 4 6 3 6 6 0.86602540378443864676 0
6 4 6 4 4 4 0.15470053837925152901 0
6 4 6 4 4 5 0.85559967716735219296 0
6 4 6 4 4 6 -0.49398070393112768952 0
6 4 6 4 5 4 0.85559967716735219296 0
6 4 6 4 5 5 0.13397459621556135323 0
6 4 6 4 5 6 0.50000000000000000000 0
6 4 6 4 6 4 0.49398070393112768952 0
6 4 6 4 6 5 -0.50000000000000000000 0
6 4 6 4 6 6 -0.71132486540518711774 0
6 4 6 5 4 4 0.73205080756887729352 0
6 4 6 5 4 5 0.31317121731301543780 0
6 4 6 5 4 6 0.60500033370605560911 0
6 4 6 5 5 4 0.31317121731301543780 0
6 4 6 5 5 5 0.63397459621556135323 0
6 4 6 5 5 6 -0.70710678118654752440 0
6 4 6 5 6 4 -0.60500033370605560911 0
6 4 6 5 6 5 0.70710678118654752440 0
6 4 6 5 6 6 0.36602540378443864676 0
6 4 6 6 4 4 -0.42264973081037423549 0
6 4 6 6 4 5 0.60500033370605560911 0
6 4 6 6 4 6 -0.67479019054923994124 0
6 4 6 6 5 4 0.60500033370605560911 0
6 4 6 6 5 5 -0.36602540378443864676 0
6 4 6 6 5 6 -0.70710678118654752440 0
6 4 6 6 6 4 -0.67479019054923994124 0
6 4 6 6 6 5 -0.70710678118654752440 0
6 4 6 6 6 6 -0.21132486540518711774 0
6 5 1 2 2 5 1.00000000000000000000 0
6 5 1 3 3 5 1.00000000000000000000 0
6 5 1 4 4 5 1.00000000000000000000 0
6 5 1 5 5 5 1.00000000000000000000 0
6 5 1 6 6 5 1.00000000000000000000 0
6 5 2 1 2 6 1.00000000000000000000 0
6 5 2 3 4 6 1.00000000000000000000 0
6 5 2 4 3 6 -1.00000000000000000000 0
6 5 2 5 6 6 -1.00000000000000000000 0
6 5 2 6 5 6 1.00000000000000000000 0
6 5 3 1 3 6 -1.00000000000000000000 0
6 5 3 2 4 5 1.00000000000000000000 0
6 5 3 3 4 5 -0.70710678118654752440 0
6 5 3 3 4 6 -0.70710678118654752440 0
6 5 3 3 6 5 0.70710678118654752440 0
6 5 3 3 6 6 -0.70710678118654752440 0
6 5 3 4 2 4 0.51763809020504152469 0
6 5 3 4 2 5 0.60500033370605560911 0
6 5 3 4 2 6 0.60500033370605560911 0
6 5 3 4 3 4 -0.69859421105000924732 0
6 5 3 4 3 5 0.70710678118654752440 0
6 5 3 4 3 6 -0.10938979974117850833 0
6 5 3 4 5 4 0.49398070393112768952 0
6 5 3 4 5 5 0.36602540378443864676 0
6 5 3 4 5 6 -0.78867513459481288225 0
6 5 3 5 4 4 0.73205080756887729352 0
6 5 3 5 4 5 0.31317121731301543780 0
6 5 3 5 4 6 0.60500033370605560911 0
6 5 3 5 5 4 0.31317121731301543780 0
6 5 3 5 5 5 0.63397459621556135323 0
6 5 3 5 5 6 -0.70710678118654752440 0
6 5 3 5 6 4 -0.60500033370605560911 0
6 5 3 5 6 5 0.70710678118654752440 0
6 5 3 5 6 6 0.36602540378443864676 0
6 5 3 6 3 4 -0.42264973081037423549 0
6 5 3 6 3 5 0.60500033370605560911 0
6 5 3 6 3 6 0.67479019054923994124 0
6 5 3 6 5 4 -0.67479019054923994124 0
6 5 3 6 5 5 -0.70710678118654752440 0
6 5 3 6 5 6 0.21132486540518711774 0
6 5 3 6 6 4 0.60500033370605560911 0
6 5 3 6 6 5 -0.36602540378443864676 0
6 5 3 6 6 6 0.70710678118654752440 0
6 5 4 1 4 6 1.00000000000000000000 0
6 5 4 2 3 5 1.00000000000000000000 0
6 5 4 3 2 3 0.51763809020504152469 0
6 5 4 3 2 5 0.60500033370605560911 0
6 5 4 3 2 6 0.60500033370605560911 0
6 5 4 3 3 3 0.69859421105000924732 0
6 5 4 3 3 5 0.10938979974117850833 0
6 5 4 3 3 6 -0.70710678118654752440 0
6 5 4 3 5 3 0.49398070393112768952 0
6 5 4 3 5 5 -0.78867513459481288225 0
6 5 4 3 5 6 0.36602540378443864676 0
6 5 4 4 4 5 -0.70710678118654752440 0
6 5 4 4 4 6 -0.70710678118654752440 0
6 5 4 4 6 5 0.70710678118654752440 0
6 5 4 4 6 6 -0.70710678118654752440 0
6 5 4 5 3 3 0.42264973081037423549 0
6 5 4 5 3 5 -0.67479019054923994124 0
6 5 4 5 3 6 -0.60500033370605560911 0
6 5 4 5 5 3 -0.67479019054923994124 0
6 5 4 5 5 5 0.21132486540518711774 0
6 5 4 5 5 6 -0.70710678118654752440 0
6 5 4 5 6 3 -0.60500033370605560911 0
6 5 4 5 6 5 -0.70710678118654752440 0
6 5 4 5 6 6 0.36602540378443864676 0
6 5 4 6 4 3 0.73205080756887729352 0
6 5 4 6 4 5 0.60500033370605560911 0
6 5 4 6 4 6 0.31317121731301543780 0
6 5 4 6 5 3 0.31317121731301543780 0
6 5 4 6 5 5 -0.70710678118654752440 0
6 5 4 6 5 6 0.63397459621556135323 0
6 5 4 6 6 3 0.60500033370605560911 0
6 5 4 6 6 5 -0.36602540378443864676 0
6 5 4 6 6 6 -0.70710678118654752440 0
6 5 5 1 5 6 1.00000000000000000000 0
6 5 5 2 6 5 1.00000000000000000000 0
6 5 5 3 4 3 0.73205080756887729352 0
6 5 5 3 4 5 0.60500033370605560911 0
6 5 5 3 4 6 0.31317121731301543780 0
6 5 5 3 5 3 0.31317121731301543780 0
6 5 5 3 5 5 -0.70710678118654752440 0
6 5 5 3 5 6 0.63397459621556135323 0
6 5 5 3 6 3 0.60500033370605560911 0
6 5 5 3 6 5 -0.36602540378443864676 0
6 5 5 3 6 6 -0.70710678118654752440 0
6 5 5 4 3 4 -0.42264973081037423549 0
6 5 5 4 3 5 0.60500033370605560911 0
6 5 5 4 3 6 0.67479019054923994124 0
6 5 5 4 5 4 -0.67479019054923994124 0
6 5 5 4 5 5 -0.70710678118654752440 0
6 5 5 4 5 6 0.21132486540518711774 0
6 5 5 4 6 4 0.60500033370605560911 0
6 5 5 4 6 5 -0.36602540378443864676 0
6 5 5 4 6 6 0.70710678118654752440 0
6 5 5 5 3 3 -0.36602540378443864676 0
6 5 5 5 3 4 0.36602540378443864676 0
6 5 5 5 3 5 -0.60500033370605560911 0
6 5 5 5 3 6 0.60500033370605560911 0
6 5 5 5 4 3 0.36602540378443864676 0
6 5 5 5 4 4 0.36602540378443864676 0
6 5 5 5 4 5 -0.60500033370605560911 0
6 5 5 5 4 6 -0.60500033370605560911 0
6 5 5 5 5 3 -0.60500033370605560911 0
6 5 5 5 5 4 -0.60500033370605560911 0
6 5 5 5 5 5 -0.36602540378443864676 0
6 5 5 5 5 6 -0.36602540378443864676 0
6 5 5 5 6 3 0.60500033370605560911 0
6 5 5 5 6 4 -0.60500033370605560911 0
6 5 5 5 6 5 -0.36602540378443864676 0
6 5 5 5 6 6 0.36602540378443864676 0
6 5 5 6 2 1 0.26794919243112270647 0
6 5 5 6 2 3 0.44289098286895826186 0
6 5 5 6 2 4 0.44289098286895826186 0
6 5 5 6 2 5 0.51763809020504152469 0
6 5 5 6 2 6 0.51763809020504152469 0
6 5 5 6 3 1 0.44289098286895826186 0
6 5 5 6 3 3 -0.63397459621556135323 0
6 5 5 6 3 4 0.52072594216369017578 0
6 5 5 6 3 5 -0.31317121731301543780 0
6 5 5 6 3 6 0.18080948661811225172 0
6 5 5 6 4 1 0.44289098286895826186 0
6 5 5 6 4 3 0.09807621135331594029 0
6 5 5 6 4 4 -0.63397459621556135323 0
6 5 5 6 4 5 -0.31317121731301543780 0
6 5 5 6 4 6 0.54242845985433675516 0
6 5 5 6 5 1 0.51763809020504152469 0
6 5 5 6 5 3 0.54242845985433675516 0
6 5 5 6 5 4 0.18080948661811225172 0
6 5 5 6 5 5 -0.36602540378443864676 0
6 5 5 6 5 6 -0.52072594216369017578 0
6 5 5 6 6 1 0.51763809020504152469 0
6 5 5 6 6 3 -0.31317121731301543780 0
6 5 5 6 6 4 -0.31317121731301543780 0
6 5 5 6 6 5 0.63397459621556135323 0
6 5 5 6 6 6 -0.36602540378443864676 0
6 5 6 1 6 6 -1.00000000000000000000 0
6 5 6 2 5 5 1.00000000000000000000 0
6 5 6 3 3 3 0.42264973081037423549 0
6 5 6 3 3 5 -0.67479019054923994124 0
6 5 6 3 3 6 -0.60500033370605560911 0
6 5 6 3 5 3 -0.67479019054923994124 0
6 5 6 3 5 5 0.21132486540518711774 0
6 5 6 3 5 6 -0.70710678118654752440 0
6 5 6 3 6 3 -0.60500033370605560911 0
6 5 6 3 6 5 -0.70710678118654752440 0
6 5 6 3 6 6 0.36602540378443864676 0
6 5 6 4 4 4 0.73205080756887729352 0
6 5 6 4 4 5 0.31317121731301543780 0
6 5 6 4 4 6 0.60500033370605560911 0
6 5 6 4 5 4 0.31317121731301543780 0
6 5 6 4 5 5 0.63397459621556135323 0
6 5 6 4 5 6 -0.70710678118654752440 0
6 5 6 4 6 4 -0.60500033370605560911 0
6 5 6 4 6 5 0.70710678118654752440 0
6 5 6 4 6 6 0.36602540378443864676 0
6 5 6 5 2 2 0.26794919243112270647 0
6 5 6 5 2 3 0.44289098286895826186 0
6 5 6 5 2 4 0.44289098286895826186 0
6 5 6 5 2 5 0.51763809020504152469 0
6 5 6 5 2 6 0.51763809020504152469 0
6 5 6 5 3 2 -0.44289098286895826186 0
6 5 6 5 3 3 -0.52072594216369017578 0
6 5 6 5 3 4 0.63397459621556135323 0
6 5 6 5 3 5 -0.18080948661811225172 0
6 5 6 5 3 6 0.31317121731301543780 0
6 5 6 5 4 2 0.44289098286895826186 0
6 5 6 5 4 3 -0.63397459621556135323 0
6 5 6 5 4 4 0.09807621135331594029 0
6 5 6 5 4 5 0.54242845985433675516 0
6 5 6 5 4 6 -0.31317121731301543780 0
6 5 6 5 5 2 0.51763809020504152469 0
6 5 6 5 5 3 0.18080948661811225172 0
6 5 6 5 5 4 0.54242845985433675516 0
6 5 6 5 5 5 -0.52072594216369017578 0
6 5 6 5 5 6 -0.36602540378443864676 0
6 5 6 5 6 2 -0.51763809020504152469 0
6 5 6 5 6 3 0.31317121731301543780 0
6 5 6 5 6 4 0.31317121731301543780 0
6 5 6 5 6 5 0.36602540378443864676 0
6 5 6 5 6 6 -0.63397459621556135323 0
6 5 6 6 3 3 -0.36602540378443864676 0
6 5 6 6 3 4 0.36602540378443864676 0
6 5 6 6 3 5 -0.60500033370605560911 0
6 5 6 6 3 6 0.60500033370605560911 0
6 5 6 6 4 3 0.36602540378443864676 0
6 5 6 6 4 4 0.36602540378443864676 0
6 5 6 6 4 5 -0.60500033370605560911 0
6 5 6 6 4 6 -0.60500033370605560911 0
6 5 6 6 5 3 -0.60500033370605560911 0
6 5 6 6 5 4 -0.60500033370605560911 0
6 5 6 6 5 5 -0.36602540378443864676 0
6 5 6 6 5 6 -0.36602540378443864676 0
6 5 6 6 6 3 0.60500033370605560911 0
6 5 6 6 6 4 -0.60500033370605560911 0
6 5 6 6 6 5 -0.36602540378443864676 0
6 5 6 6 6 6 0.36602540378443864676 0
6 6 1 1 1 6 1.00000000000000000000 0
6 6 1 3 3 6 1.00000000000000000000 0
6 6 1 4 4 6 1.00000000000000000000 0
6 6 1 5 5 6 1.00000000000000000000 0
6 6 1 6 6 6 1.00000000000000000000 0
6 6 2 2 1 5 1.00000000000000000000 0
6 6 2 3 4 5 -1.00000000000000000000 0
6 6 2 4 3 5 1.00000000000000000000 0
6 6 2 5 6 5 1.00000000000000000000 0
6 6 2 6 5 5 -1.00000000000000000000 0
6 6 3 1 3 6 1.00000000000000000000 0
6 6 3 2 4 5 -1.00000000000000000000 0
6 6 3 3 1 3 0.51763809020504152469 0
6 6 3 3 1 5 0.60500033370605560911 0
6 6 3 3 1 6 0.60500033370605560911 0
6 6 3 3 4 3 -0.69859421105000924732 0
6 6 3 3 4 5 -0.10938979974117850833 0
6 6 3 3 4 6 0.70710678118654752440 0
6 6 3 3 6 3 0.49398070393112768952 0
6 6 3 3 6 5 -0.78867513459481288225 0
6 6 3 3 6 6 0.36602540378443864676 0
6 6 3 4 3 5 -0.70710678118654752440 0
6 6 3 4 3 6 -0.70710678118654752440 0
6 6 3 4 5 5 -0.70710678118654752440 0
6 6 3 4 5 6 0.70710678118654752440 0
6 6 3 5 4 3 -0.42264973081037423549 0
6 6 3 5 4 5 0.67479019054923994124 0
6 6 3 5 4 6 0.60500033370605560911 0
6 6 3 5 5 3 0.60500033370605560911 0
6 6 3 5 5 5 0.70710678118654752440 0
6 6 3 5 5 6 -0.36602540378443864676 0
6 6 3 5 6 3 -0.67479019054923994124 0
6 6 3 5 6 5 0.21132486540518711774 0
6 6 3 5 6 6 -0.70710678118654752440 0
6 6 3 6 3 3 0.73205080756887729352 0
6 6 3 6 3 5 0.60500033370605560911 0
6 6 3 6 3 6 0.31317121731301543780 0
6 6 3 6 5 3 -0.60500033370605560911 0
6 6 3 6 5 5 0.36602540378443864676 0
6 6 3 6 5 6 0.70710678118654752440 0
6 6 3 6 6 3 0.31317121731301543780 0
6 6 3 6 6 5 -0.70710678118654752440 0
6 6 3 6 6 6 0.63397459621556135323 0
6 6 4 1 4 6 1.00000000000000000000 0
6 6 4 2 3 5 1.00000000000000000000 0
6 6 4 3 3 5 -0.70710678118654752440 0
6 6 4 3 3 6 -0.70710678118654752440 0
6 6 4 3 5 5 -0.70710678118654752440 0
6 6 4 3 5 6 0.70710678118654752440 0
6 6 4 4 1 4 0.51763809020504152469 0
6 6 4 4 1 5 0.60500033370605560911 0
6 6 4 4 1 6 0.60500033370605560911 0
6 6 4 4 4 4 0.69859421105000924732 0
6 6 4 4 4 5 -0.70710678118654752440 0
6 6 4 4 4 6 0.10938979974117850833 0
6 6 4 4 6 4 0.49398070393112768952 0
6 6 4 4 6 5 0.36602540378443864676 0
6 6 4 4 6 6 -0.78867513459481288225 0
6 6 4 5 3 4 0.73205080756887729352 0
6 6 4 5 3 5 0.31317121731301543780 0
6 6 4 5 3 6 0.60500033370605560911 0
6 6 4 5 5 4 0.60500033370605560911 0
6 6 4 5 5 5 -0.70710678118654752440 0
6 6 4 5 5 6 -0.36602540378443864676 0
6 6 4 5 6 4 0.31317121731301543780 0
6 6 4 5 6 5 0.63397459621556135323 0
6 6 4 5 6 6 -0.70710678118654752440 0
6 6 4 6 4 4 0.42264973081037423549 0
6 6 4 6 4 5 -0.60500033370605560911 0
6 6 4 6 4 6 -0.67479019054923994124 0
6 6 4 6 5 4 -0.60500033370605560911 0
6 6 4 6 5 5 0.36602540378443864676 0
6 6 4 6 5 6 -0.70710678118654752440 0
6 6 4 6 6 4 -0.67479019054923994124 0
6 6 4 6 6 5 -0.70710678118654752440 0
6 6 4 6 6 6 0.21132486540518711774 0
6 6 5 1 5 6 1.00000000000000000000 0
6 6 5 2 6 5 1.00000000000000000000 0
6 6 5 3 4 3 -0.42264973081037423549 0
6 6 5 3 4 5 0.67479019054923994124 0
6 6 5 3 4 6 0.60500033370605560911 0
6 6 5 3 5 3 0.60500033370605560911 0
6 6 5 3 5 5 0.70710678118654752440 0
6 6 5 3 5 6 -0.36602540378443864676 0
6 6 5 3 6 3 -0.67479019054923994124 0
6 6 5 3 6 5 0.21132486540518711774 0
6 6 5 3 6 6 -0.70710678118654752440 0
6 6 5 4 3 4 0.73205080756887729352 0
6 6 5 4 3 5 0.31317121731301543780 0
6 6 5 4 3 6 0.60500033370605560911 0
6 6 5 4 5 4 0.60500033370605560911 0
6 6 5 4 5 5 -0.70710678118654752440 0
6 6 5 4 5 6 -0.36602540378443864676 0
6 6 5 4 6 4 0.31317121731301543780 0
6 6 5 4 6 5 0.63397459621556135323 0
6 6 5 4 6 6 -0.70710678118654752440 0
6 6 5 5 1 2 0.26794919243112270647 0
6 6 5 5 1 3 0.44289098286895826186 0
6 6 5 5 1 4 0.44289098286895826186 0
6 6 5 5 1 5 0.51763809020504152469 0
6 6 5 5 1 6 0.51763809020504152469 0
6 6 5 5 3 2 0.44289098286895826186 0
6 6 5 5 3 3 -0.63397459621556135323 0
6 6 5 5 3 4 0.09807621135331594029 0
6 6 5 5 3 5 0.54242845985433675516 0
6 6 5 5 3 6 -0.31317121731301543780 0
6 6 5 5 4 2 0.44289098286895826186 0
6 6 5 5 4 3 0.52072594216369017578 0
6 6 5 5 4 4 -0.63397459621556135323 0
6 6 5 5 4 5 0.18080948661811225172 0
6 6 5 5 4 6 -0.31317121731301543780 0
6 6 5 5 5 2 0.51763809020504152469 0
6 6 5 5 5 3 -0.31317121731301543780 0
6 6 5 5 5 4 -0.31317121731301543780 0
6 6 5 5 5 5 -0.36602540378443864676 0
6 6 5 5 5 6 0.63397459621556135323 0
6 6 5 5 6 2 0.51763809020504152469 0
6 6 5 5 6 3 0.18080948661811225172 0
6 6 5 5 6 4 0.54242845985433675516 0
6 6 5 5 6 5 -0.52072594216369017578 0
6 6 5 5 6 6 -0.36602540378443864676 0
6 6 5 6 3 3 0.36602540378443864676 0
6 6 5 6 3 4 0.36602540378443864676 0
6 6 5 6 3 5 -0.60500033370605560911 0
6 6 5 6 3 6 -0.60500033370605560911 0
6 6 5 6 4 3 0.36602540378443864676 0
6 6 5 6 4 4 -0.36602540378443864676 0
6 6 5 6 4 5 0.60500033370605560911 0
6 6 5 6 4 6 -0.60500033370605560911 0
6 6 5 6 5 3 -0.60500033370605560911 0
6 6 5 6 5 4 0.60500033370605560911 0
6 6 5 6 5 5 0.36602540378443864676 0
6 6 5 6 5 6 -0.36602540378443864676 0
6 6 5 6 6 3 -0.60500033370605560911 0
6 6 5 6 6 4 -0.60500033370605560911 0
6 6 5 6 6 5 -0.36602540378443864676 0
6 6 5 6 6 6 -0.36602540378443864676 0
6 6 6 1 6 6 1.00000000000000000000 0
6 6 6 2 5 5 -1.00000000000000000000 0
6 6 6 3 3 3 0.73205080756887729352 0
6 6 6 3 3 5 0.60500033370605560911 0
6 6 6 3 3 6 0.31317121731301543780 0
6 6 6 3 5 3 -0.60500033370605560911 0
6 6 6 3 5 5 0.36602540378443864676 0
6 6 6 3 5 6 0.70710678118654752440 0
6 6 6 3 6 3 0.31317121731301543780 0
6 6 6 3 6 5 -0.70710678118654752440 0
6 6 6 3 6 6 0.63397459621556135323 0
6 6 6 4 4 4 0.42264973081037423549 0
6 6 6 4 4 5 -0.60500033370605560911 0
6 6 6 4 4 6 -0.67479019054923994124 0
6 6 6 4 5 4 -0.60500033370605560911 0
6 6 6 4 5 5 0.36602540378443864676 0
6 6 6 4 5 6 -0.70710678118654752440 0
6 6 6 4 6 4 -0.67479019054923994124 0
6 6 6 4 6 5 -0.70710678118654752440 0
6 6 6 4 6 6 0.21132486540518711774 0
6 6 6 5 3 3 0.36602540378443864676 0
6 6 6 5 3 4 0.36602540378443864676 0
6 6 6 5 3 5 -0.60500033370605560911 0
6 6 6 5 3 6 -0.60500033370605560911 0
6 6 6 5 4 3 0.36602540378443864676 0
6 6 6 5 4 4 -0.36602540378443864676 0
6 6 6 5 4 5 0.60500033370605560911 0
6 6 6 5 4 6 -0.60500033370605560911 0
6 6 6 5 5 3 -0.60500033370605560911 0
6 6 6 5 5 4 0.60500033370605560911 0
6 6 6 5 5 5 0.36602540378443864676 0
6 6 6 5 5 6 -0.36602540378443864676 0
6 6 6 5 6 3 -0.60500033370605560911 0
6 6 6 5 6 4 -0.60500033370605560911 0
6 6 6 5 6 5 -0.36602540378443864676 0
6 6 6 5 6 6 -0.36602540378443864676 0
6 6 6 6 1 1 0.26794919243112270647 0
6 6 6 6 1 3 0.44289098286895826186 0
6 6 6 6 1 4 0.44289098286895826186 0
6 6 6 6 1 5 0.51763809020504152469 0
6 6 6 6 1 6 0.51763809020504152469 0
6 6 6 6 3 1 0.44289098286895826186 0
6 6 6 6 3 3 0.09807621135331594029 0
6 6 6 6 3 4 -0.63397459621556135323 0
6 6 6 6 3 5 -0.31317121731301543780 0
6 6 6 6 3 6 0.54242845985433675516 0
6 6 6 6 4 1 -0.44289098286895826186 0
6 6 6 6 4 3 0.63397459621556135323 0
6 6 6 6 4 4 -0.52072594216369017578 0
6 6 6 6 4 5 0.31317121731301543780 0
6 6 6 6 4 6 -0.18080948661811225172 0
6 6 6 6 5 1 -0.51763809020504152469 0
6 6 6 6 5 3 0.31317121731301543780 0
6 6 6 6 5 4 0.31317121731301543780 0
6 6 6 6 5 5 -0.63397459621556135323 0
6 6 6 6 5 6 0.36602540378443864676 0
6 6 6 6 6 1 0.51763809020504152469 0
6 6 6 6 6 3 0.54242845985433675516 0
6 6 6 6 6 4 0.18080948661811225172 0
6 6 6 6 6 5 -0.36602540378443864676 0
6 6 6 6 6 6 -0.52072594216369017578 0