1 1 1 1 1 1 1.00000000000000000000 0
1 1 2 2 1 2 1.00000000000000000000 0
1 1 3 3 1 3 1.00000000000000000000 0
1 1 4 4 1 4 1.00000000000000000000 0
1 1 5 5 1 5 1.00000000000000000000 0
1 1 6 6 1 6 1.00000000000000000000 0
1 1 7 7 1 7 1.00000000000000000000 0
1 2 1 2 2 2 1.00000000000000000000 0
1 2 2 1 2 1 1.00000000000000000000 0
1 2 3 3 2 3 1.00000000000000000000 0
1 2 4 4 2 4 1.00000000000000000000 0
1 2 5 5 2 5 1.00000000000000000000 0
1 2 6 6 2 6 1.00000000000000000000 0
1 2 7 7 2 7 1.00000000000000000000 0
1 3 1 3 3 3 1.00000000000000000000 0
1 3 2 3 3 3 1.00000000000000000000 0
1 3 3 1 3 1 1.00000000000000000000 0
1 3 3 2 3 2 1.00000000000000000000 0
1 3 3 7 3 7 1.00000000000000000000 0
1 3 4 6 3 6 1.00000000000000000000 0
1 3 4 7 3 7 1.00000000000000000000 0
1 3 5 5 3 5 1.00000000000000000000 0
1 3 5 6 3 6 1.00000000000000000000 0
1 3 6 4 3 4 1.00000000000000000000 0
1 3 6 5 3 5 1.00000000000000000000 0
1 3 7 3 3 3 1.00000000000000000000 0
1 3 7 4 3 4 1.00000000000000000000 0
1 4 1 4 4 4 1.00000000000000000000 0
1 4 2 4 4 4 1.00000000000000000000 0
1 4 3 6 4 6 1.00000000000000000000 0
1 4 3 7 4 7 1.00000000000000000000 0
1 4 4 1 4 1 1.00000000000000000000 0
1 4 4 2 4 2 1.00000000000000000000 0
1 4 4 5 4 5 1.00000000000000000000 0
1 4 5 4 4 4 1.00000000000000000000 0
1 4 5 7 4 7 1.00000000000000000000 0
1 4 6 3 4 3 1.00000000000000000000 0
1 4 6 6 4 6 1.00000000000000000000 0
1 4 7 3 4 3 1.00000000000000000000 0
1 4 7 5 4 5 1.00000000000000000000 0
1 5 1 5 5 5 1.00000000000000000000 0
1 5 2 5 5 5 1.00000000000000000000 0
1 5 3 5 5 5 1.00000000000000000000 0
1 5 3 6 5 6 1.00000000000000000000 0
1 5 4 4 5 4 1.00000000000000000000 0
1 5 4 7 5 7 1.00000000000000000000 0
1 5 5 1 5 1 1.00000000000000000000 0
1 5 5 2 5 2 1.00000000000000000000 0
1 5 5 3 5 3 1.00000000000000000000 0
1 5 6 3 5 3 1.00000000000000000000 0
1 5 6 7 5 7 1.00000000000000000000 0
1 5 7 4 5 4 1.00000000000000000000 0
1 5 7 6 5 6 1.00000000000000000000 0
1 6 1 6 6 6 1.00000000000000000000 0
1 6 2 6 6 6 1.00000000000000000000 0
1 6 3 4 6 4 1.00000000000000000000 0
1 6 3 5 6 5 1.00000000000000000000 0
1 6 4 3 6 3 1.00000000000000000000 0
1 6 4 6 6 6 1.00000000000000000000 0
1 6 5 3 6 3 1.00000000000000000000 0
1 6 5 7 6 7 1.00000000000000000000 0
1 6 6 1 6 1 1.00000000000000000000 0
1 6 6 2 6 2 1.00000000000000000000 0
1 6 6 4 6 4 1.00000000000000000000 0
1 6 7 5 6 5 1.00000000000000000000 0
1 6 7 7 6 7 1.00000000000000000000 0
1 7 1 7 7 7 1.00000000000000000000 0
1 7 2 7 7 7 1.00000000000000000000 0
1 7 3 3 7 3 1.00000000000000000000 0
1 7 3 4 7 4 1.00000000000000000000 0
1 7 4 3 7 3 1.00000000000000000000 0
1 7 4 5 7 5 1.00000000000000000000 0
1 7 5 4 7 4 1.00000000000000000000 0
1 7 5 6 7 6 1.00000000000000000000 0
1 7 6 5 7 5 1.00000000000000000000 0
1 7 6 7 7 7 1.00000000000000000000 0
1 7 7 1 7 1 1.00000000000000000000 0
1 7 7 2 7 2 1.00000000000000000000 0
1 7 7 6 7 6 1.00000000000000000000 0
2 1 1 2 2 1 1.00000000000000000000 0
2 1 2 1 2 2 1.00000000000000000000 0
2 1 3 3 2 3 1.00000000000000000000 0
2 1 4 4 2 4 1.00000000000000000000 0
2 1 5 5 2 5 1.00000000000000000000 0
2 1 6 6 2 6 1.00000000000000000000 0
2 1 7 7 2 7 1.00000000000000000000 0
2 2 1 1 1 2 1.00000000000000000000 0
2 2 2 2 1 1 1.00000000000000000000 0
2 2 3 3 1 3 -0.50000000000000000000 0.86602540378443864676
2 2 4 4 1 4 -0.50000000000000000000 0.86602540378443864676
2 2 5 5 1 5 -0.50000000000000000000 0.86602540378443864676
2 2 6 6 1 6 -0.50000000000000000000 0.86602540378443864676
2 2 7 7 1 7 -0.50000000000000000000 0.86602540378443864676
2 3 1 3 3 3 1.00000000000000000000 0
2 3 2 3 3 3 1.00000000000000000000 0
2 3 3 1 3 2 -0.50000000000000000000 -0.86602540378443864676
2 3 3 2 3 1 1.00000000000000000000 0
2 3 3 7 3 7 -1.00000000000000000000 0
2 3 4 6 3 6 -1.00000000000000000000 0
2 3 4 7 3 7 1.00000000000000000000 0
2 3 5 5 3 5 1.00000000000000000000 0
2 3 5 6 3 6 1.00000000000000000000 0
2 3 6 4 3 4 1.00000000000000000000 0
2 3 6 5 3 5 -1.00000000000000000000 0
2 3 7 3 3 3 -1.00000000000000000000 0
2 3 7 4 3 4 -1.00000000000000000000 0
2 4 1 4 4 4 1.00000000000000000000 0
2 4 2 4 4 4 1.00000000000000000000 0
2 4 3 6 4 6 1.00000000000000000000 0
2 4 3 7 4 7 1.00000000000000000000 0
2 4 4 1 4 2 -0.50000000000000000000 -0.86602540378443864676
2 4 4 2 4 1 1.00000000000000000000 0
2 4 4 5 4 5 -1.00000000000000000000 0
2 4 5 4 4 4 -1.00000000000000000000 0
2 4 5 7 4 7 -1.00000000000000000000 0
2 4 6 3 4 3 1.00000000000000000000 0
2 4 6 6 4 6 -1.00000000000000000000 0
2 4 7 3 4 3 -1.00000000000000000000 0
2 4 7 5 4 5 1.00000000000000000000 0
2 5 1 5 5 5 1.00000000000000000000 0
2 5 2 5 5 5 1.00000000000000000000 0
2 5 3 5 5 5 -1.00000000000000000000 0
2 5 3 6 5 6 1.00000000000000000000 0
2 5 4 4 5 4 -1.00000000000000000000 0
2 5 4 7 5 7 1.00000000000000000000 0
2 5 5 1 5 2 0.50000000000000000000 0.86602540378443864676
2 5 5 2 5 1 -1.00000000000000000000 0
2 5 5 3 5 3 1.00000000000000000000 0
2 5 6 3 5 3 -1.00000000000000000000 0
2 5 6 7 5 7 -1.00000000000000000000 0
2 5 7 4 5 4 1.00000000000000000000 0
2 5 7 6 5 6 -1.00000000000000000000 0
2 6 1 6 6 6 1.00000000000000000000 0
2 6 2 6 6 6 1.00000000000000000000 0
2 6 3 4 6 4 1.00000000000000000000 0
2 6 3 5 6 5 1.00000000000000000000 0
2 6 4 3 6 3 -1.00000000000000000000 0
2 6 4 6 6 6 -1.00000000000000000000 0
2 6 5 3 6 3 1.00000000000000000000 0
2 6 5 7 6 7 -1.00000000000000000000 0
2 6 6 1 6 2 -0.50000000000000000000 -0.86602540378443864676
2 6 6 2 6 1 1.00000000000000000000 0
2 6 6 4 6 4 -1.00000000000000000000 0
2 6 7 5 6 5 -1.00000000000000000000 0
2 6 7 7 6 7 1.00000000000000000000 0
2 7 1 7 7 7 1.00000000000000000000 0
2 7 2 7 7 7 1.00000000000000000000 0
2 7 3 3 7 3 -1.00000000000000000000 0
2 7 3 4 7 4 1.00000000000000000000 0
2 7 4 3 7 3 1.00000000000000000000 0
2 7 4 5 7 5 1.00000000000000000000 0
2 7 5 4 7 4 -1.00000000000000000000 0
2 7 5 6 7 6 -1.00000000000000000000 0
2 7 6 5 7 5 -1.00000000000000000000 0
2 7 6 7 7 7 -1.00000000000000000000 0
2 7 7 1 7 2 0.50000000000000000000 0.86602540378443864676
2 7 7 2 7 1 -1.00000000000000000000 0
2 7 7 6 7 6 1.00000000000000000000 0
3 1 1 3 3 1 1.00000000000000000000 0
3 1 2 3 3 2 1.00000000000000000000 0
3 1 3 1 3 3 1.00000000000000000000 0
3 1 3 2 3 3 1.00000000000000000000 0
3 1 3 7 3 3 1.00000000000000000000 0
3 1 4 6 3 4 1.00000000000000000000 0
3 1 4 7 3 4 1.00000000000000000000 0
3 1 5 5 3 5 1.00000000000000000000 0
3 1 5 6 3 5 1.00000000000000000000 0
3 1 6 4 3 6 1.00000000000000000000 0
3 1 6 5 3 6 1.00000000000000000000 0
3 1 7 3 3 7 1.00000000000000000000 0
3 1 7 4 3 7 1.00000000000000000000 0
3 2 1 3 3 2 1.00000000000000000000 0
3 2 2 3 3 1 -0.50000000000000000000 -0.86602540378443864676
3 2 3 1 3 3 1.00000000000000000000 0
3 2 3 2 3 3 1.00000000000000000000 0
3 2 3 7 3 3 -1.00000000000000000000 0
3 2 4 6 3 4 1.00000000000000000000 0
3 2 4 7 3 4 -1.00000000000000000000 0
3 2 5 5 3 5 1.00000000000000000000 0
3 2 5 6 3 5 -1.00000000000000000000 0
3 2 6 4 3 6 -1.00000000000000000000 0
3 2 6 5 3 6 1.00000000000000000000 0
3 2 7 3 3 7 -1.00000000000000000000 0
3 2 7 4 3 7 1.00000000000000000000 0
3 3 1 1 1 3 1.00000000000000000000 0
3 3 1 2 2 3 1.00000000000000000000 0
3 3 1 7 7 3 1.00000000000000000000 0
3 3 2 1 2 3 -0.50000000000000000000 0.86602540378443864676
3 3 2 2 1 3 1.00000000000000000000 0
3 3 2 7 7 3 -1.00000000000000000000 0
3 3 3 3 1 1 0.50000000000000000000 0
3 3 3 3 1 2 0.50000000000000000000 0
3 3 3 3 1 7 0.35355339059327376220 0.61237243569579452454
3 3 3 3 2 1 0.50000000000000000000 0
3 3 3 3 2 2 0.50000000000000000000 0
3 3 3 3 2 7 -0.35355339059327376220 -0.61237243569579452454
3 3 3 3 7 1 0.35355339059327376220 0.61237243569579452454
3 3 3 3 7 2 -0.35355339059327376220 -0.61237243569579452454
3 3 3 3 7 7 0. 0
3 3 3 4 7 7 -0.98192869726270670039 -0.18925124436041020361
3 3 4 3 7 7 -0.65486073394528506405 -0.75574957435425828377
3 3 4 4 1 6 -0.35355339059327376220 -0.61237243569579452454
3 3 4 4 1 7 -0.35355339059327376220 -0.61237243569579452454
3 3 4 4 2 6 -0.35355339059327376220 -0.61237243569579452454
3 3 4 4 2 7 0.35355339059327376220 0.61237243569579452454
3 3 4 5 7 6 -0.32706796331742163634 0.94500081871466848739
3 3 5 4 7 6 -0.65486073394528506405 0.75574957435425828377
3 3 5 5 1 5 0.35355339059327376220 0.61237243569579452454
3 3 5 5 1 6 0.35355339059327376220 0.61237243569579452454
3 3 5 5 2 5 0.35355339059327376220 0.61237243569579452454
3 3 5 5 2 6 -0.35355339059327376220 -0.61237243569579452454
3 3 5 6 7 5 1.00000000000000000000 0
3 3 6 5 7 5 -0.50000000000000000000 -0.86602540378443864676
3 3 6 6 1 4 -0.35355339059327376220 -0.61237243569579452454
3 3 6 6 1 5 0.35355339059327376220 0.61237243569579452454
3 3 6 6 2 4 0.35355339059327376220 0.61237243569579452454
3 3 6 6 2 5 0.35355339059327376220 0.61237243569579452454
3 3 6 7 7 4 0.50000000000000000000 -0.86602540378443864676
3 3 7 1 7 3 0.50000000000000000000 0.86602540378443864676
3 3 7 2 7 3 0.50000000000000000000 0.86602540378443864676
3 3 7 6 7 4 0.50000000000000000000 -0.86602540378443864676
3 3 7 7 1 3 0.35355339059327376220 0.61237243569579452454
3 3 7 7 1 4 -0.35355339059327376220 -0.61237243569579452454
3 3 7 7 2 3 -0.35355339059327376220 -0.61237243569579452454
3 3 7 7 2 4 -0.35355339059327376220 -0.61237243569579452454
3 4 1 6 6 4 1.00000000000000000000 0
3 4 1 7 7 4 1.00000000000000000000 0
3 4 2 6 6 4 1.00000000000000000000 0
3 4 2 7 7 4 1.00000000000000000000 0
3 4 3 3 7 7 -0.98192869726270670039 -0.18925124436041020361
3 4 3 4 6 6 0. 0
3 4 3 4 6 7 -0.78605309474278746975 0.61815898622060521322
3 4 3 4 7 6 -0.78605309474278746975 0.61815898622060521322
3 4 3 4 7 7 0. 0
3 4 3 5 6 6 0.04758191582374229744 -0.99886733918300797666
3 4 4 3 6 1 -0.35355339059327376220 -0.61237243569579452454
3 4 4 3 6 2 -0.35355339059327376220 -0.61237243569579452454
3 4 4 3 7 1 -0.35355339059327376220 -0.61237243569579452454
3 4 4 3 7 2 0.35355339059327376220 0.61237243569579452454
3 4 4 5 7 5 -0.50000000000000000000 0.86602540378443864676
3 4 4 6 6 5 0.50000000000000000000 0.86602540378443864676
3 4 5 3 6 7 0.65486073394528506405 -0.75574957435425828377
3 4 5 4 7 7 -0.23575893550942722825 0.97181156832354168737
3 4 5 6 7 4 0.50000000000000000000 0.86602540378443864676
3 4 5 7 6 4 -0.50000000000000000000 0.86602540378443864676
3 4 6 1 6 3 -0.50000000000000000000 -0.86602540378443864676
3 4 6 2 6 3 0.50000000000000000000 0.86602540378443864676
3 4 6 4 6 6 0.95949297361449738989 0.28173255684142969771
3 4 6 5 7 6 0.99547192257308460472 0.09505604330418266363
3 4 6 7 7 3 0.50000000000000000000 0.86602540378443864676
3 4 7 1 7 3 -0.50000000000000000000 -0.86602540378443864676
3 4 7 2 7 3 0.50000000000000000000 0.86602540378443864676
3 4 7 5 6 5 -0.92836793301607261020 0.37166245566032751915
3 4 7 6 7 5 0.78605309474278746975 0.61815898622060521322
3 4 7 7 6 3 0.50000000000000000000 0.86602540378443864676
3 5 1 5 5 5 1.00000000000000000000 0
3 5 1 6 6 5 1.00000000000000000000 0
3 5 2 5 5 5 -1.00000000000000000000 0
3 5 2 6 6 5 1.00000000000000000000 0
3 5 3 4 6 6 0.04758191582374229744 -0.99886733918300797666
3 5 3 5 5 5 0. 0
3 5 3 5 5 6 0.95949297361449738989 -0.28173255684142969771
3 5 3 5 6 5 0.95949297361449738989 -0.28173255684142969771
3 5 3 5 6 6 0. 0
3 5 3 6 5 5 0.95949297361449738989 0.28173255684142969771
3 5 4 3 6 7 -0.32706796331742163634 0.94500081871466848739
3 5 4 4 5 7 -0.50000000000000000000 0.86602540378443864676
3 5 4 6 6 4 -0.50000000000000000000 0.86602540378443864676
3 5 4 7 5 4 0.50000000000000000000 0.86602540378443864676
3 5 5 1 5 3 -0.50000000000000000000 -0.86602540378443864676
3 5 5 2 5 3 0.50000000000000000000 0.86602540378443864676
3 5 5 3 5 1 0.35355339059327376220 0.61237243569579452454
3 5 5 3 5 2 -0.35355339059327376220 -0.61237243569579452454
3 5 5 3 6 1 -0.35355339059327376220 -0.61237243569579452454
3 5 5 3 6 2 -0.35355339059327376220 -0.61237243569579452454
3 5 5 7 6 3 1.00000000000000000000 0
3 5 6 1 6 3 -0.50000000000000000000 -0.86602540378443864676
3 5 6 2 6 3 -0.50000000000000000000 -0.86602540378443864676
3 5 6 3 5 7 -0.50000000000000000000 -0.86602540378443864676
3 5 6 4 6 7 0.99547192257308460472 0.09505604330418266363
3 5 6 7 5 3 -0.50000000000000000000 0.86602540378443864676
3 5 7 4 5 6 -0.92836793301607261020 0.37166245566032751915
3 5 7 5 6 6 0.04758191582374229744 0.99886733918300797666
3 5 7 6 5 4 0.92836793301607261020 0.37166245566032751915
3 5 7 7 6 4 -0.78605309474278746975 0.61815898622060521322
3 6 1 4 4 6 1.00000000000000000000 0
3 6 1 5 5 6 1.00000000000000000000 0
3 6 2 4 4 6 1.00000000000000000000 0
3 6 2 5 5 6 1.00000000000000000000 0
3 6 3 5 5 5 0.95949297361449738989 0.28173255684142969771
3 6 3 6 4 4 0. 0
3 6 3 6 4 5 -0.04758191582374229744 -0.99886733918300797666
3 6 3 6 5 4 -0.04758191582374229744 -0.99886733918300797666
3 6 3 6 5 5 0. 0
3 6 3 7 4 4 -0.78605309474278746975 -0.61815898622060521322
3 6 4 1 4 3 -0.50000000000000000000 -0.86602540378443864676
3 6 4 2 4 3 -0.50000000000000000000 -0.86602540378443864676
3 6 4 4 5 6 0.50000000000000000000 0.86602540378443864676
3 6 4 5 4 6 -0.50000000000000000000 0.86602540378443864676
3 6 4 7 5 3 -0.32706796331742163634 -0.94500081871466848739
3 6 5 1 5 3 0.50000000000000000000 0.86602540378443864676
3 6 5 2 5 3 0.50000000000000000000 0.86602540378443864676
3 6 5 3 5 7 1.00000000000000000000 0
3 6 5 4 4 7 -0.50000000000000000000 -0.86602540378443864676
3 6 5 7 4 3 -0.65486073394528506405 -0.75574957435425828377
3 6 6 3 4 1 -0.35355339059327376220 -0.61237243569579452454
3 6 6 3 4 2 0.35355339059327376220 0.61237243569579452454
3 6 6 3 5 1 0.35355339059327376220 0.61237243569579452454
3 6 6 3 5 2 0.35355339059327376220 0.61237243569579452454
3 6 6 6 4 4 0.95949297361449738989 -0.28173255684142969771
3 6 6 7 5 4 -0.99547192257308460472 0.09505604330418266363
3 6 7 3 4 7 -0.50000000000000000000 0.86602540378443864676
3 6 7 4 5 7 0.78605309474278746975 0.61815898622060521322
3 6 7 5 4 5 0.92836793301607261020 0.37166245566032751915
3 6 7 6 5 5 0.04758191582374229744 -0.99886733918300797666
3 7 1 3 3 7 1.00000000000000000000 0
3 7 1 4 4 7 1.00000000000000000000 0
3 7 2 3 3 7 -1.00000000000000000000 0
3 7 2 4 4 7 1.00000000000000000000 0
3 7 3 1 3 3 -0.50000000000000000000 -0.86602540378443864676
3 7 3 2 3 3 0.50000000000000000000 0.86602540378443864676
3 7 3 6 4 4 -0.78605309474278746975 -0.61815898622060521322
3 7 3 7 3 3 0. 0
3 7 3 7 3 4 0.98192869726270670039 -0.18925124436041020361
3 7 3 7 4 3 0.98192869726270670039 -0.18925124436041020361
3 7 3 7 4 4 0. 0
3 7 4 1 4 3 -0.50000000000000000000 -0.86602540378443864676
3 7 4 2 4 3 0.50000000000000000000 0.86602540378443864676
3 7 4 5 4 5 0.50000000000000000000 0.86602540378443864676
3 7 4 6 3 5 -0.32706796331742163634 -0.94500081871466848739
3 7 4 7 3 3 -0.65486073394528506405 0.75574957435425828377
3 7 5 4 4 6 0.50000000000000000000 -0.86602540378443864676
3 7 5 5 3 6 1.00000000000000000000 0
3 7 5 6 3 4 0.65486073394528506405 0.75574957435425828377
3 7 5 7 4 4 -0.23575893550942722825 -0.97181156832354168737
3 7 6 3 4 7 -0.50000000000000000000 0.86602540378443864676
3 7 6 4 3 7 -0.50000000000000000000 -0.86602540378443864676
3 7 6 5 3 5 -0.50000000000000000000 0.86602540378443864676
3 7 6 6 4 5 -0.99547192257308460472 0.09505604330418266363
3 7 7 3 3 1 -0.35355339059327376220 -0.61237243569579452454
3 7 7 3 3 2 -0.35355339059327376220 -0.61237243569579452454
3 7 7 3 4 1 -0.35355339059327376220 -0.61237243569579452454
3 7 7 3 4 2 0.35355339059327376220 0.61237243569579452454
3 7 7 4 3 6 -0.50000000000000000000 -0.86602540378443864676
3 7 7 5 4 6 -0.78605309474278746975 0.61815898622060521322
4 1 1 4 4 1 1.00000000000000000000 0
4 1 2 4 4 2 1.00000000000000000000 0
4 1 3 6 4 3 1.00000000000000000000 0
4 1 3 7 4 3 1.00000000000000000000 0
4 1 4 1 4 4 1.00000000000000000000 0
4 1 4 2 4 4 1.00000000000000000000 0
4 1 4 5 4 4 1.00000000000000000000 0
4 1 5 4 4 5 1.00000000000000000000 0
4 1 5 7 4 5 1.00000000000000000000 0
4 1 6 3 4 6 1.00000000000000000000 0
4 1 6 6 4 6 1.00000000000000000000 0
4 1 7 3 4 7 1.00000000000000000000 0
4 1 7 5 4 7 1.00000000000000000000 0
4 2 1 4 4 2 1.00000000000000000000 0
4 2 2 4 4 1 -0.50000000000000000000 -0.86602540378443864676
4 2 3 6 4 3 1.00000000000000000000 0
4 2 3 7 4 3 -1.00000000000000000000 0
4 2 4 1 4 4 1.00000000000000000000 0
4 2 4 2 4 4 1.00000000000000000000 0
4 2 4 5 4 4 -1.00000000000000000000 0
4 2 5 4 4 5 -1.00000000000000000000 0
4 2 5 7 4 5 1.00000000000000000000 0
4 2 6 3 4 6 1.00000000000000000000 0
4 2 6 6 4 6 -1.00000000000000000000 0
4 2 7 3 4 7 1.00000000000000000000 0
4 2 7 5 4 7 -1.00000000000000000000 0
4 3 1 6 6 3 1.00000000000000000000 0
4 3 1 7 7 3 1.00000000000000000000 0
4 3 2 6 6 3 -1.00000000000000000000 0
4 3 2 7 7 3 1.00000000000000000000 0
4 3 3 3 7 7 -0.65486073394528506405 -0.75574957435425828377
4 3 3 4 6 1 -0.35355339059327376220 -0.61237243569579452454
4 3 3 4 6 2 -0.35355339059327376220 -0.61237243569579452454
4 3 3 4 7 1 -0.35355339059327376220 -0.61237243569579452454
4 3 3 4 7 2 0.35355339059327376220 0.61237243569579452454
4 3 3 5 6 7 0.32706796331742163634 -0.94500081871466848739
4 3 4 3 6 6 0. 0
4 3 4 3 6 7 -0.14231483827328514044 0.98982144188093273237
4 3 4 3 7 6 -0.14231483827328514044 0.98982144188093273237
4 3 4 3 7 7 0. 0
4 3 4 5 7 7 0.72373403810507016163 -0.69007901148211198966
4 3 4 6 6 6 -0.72373403810507016163 -0.69007901148211198966
4 3 5 3 6 6 0.84125353283118116886 -0.54064081745559758210
4 3 5 4 7 5 0.50000000000000000000 -0.86602540378443864676
4 3 5 6 7 6 0.58005690957119817919 0.81457595205033570777
4 3 5 7 6 5 0.14231483827328514044 0.98982144188093273237
4 3 6 1 6 4 -0.50000000000000000000 -0.86602540378443864676
4 3 6 2 6 4 -0.50000000000000000000 -0.86602540378443864676
4 3 6 4 6 5 -1.00000000000000000000 0
4 3 6 5 7 4 1.00000000000000000000 0
4 3 6 7 7 5 0.92836793301607261020 0.37166245566032751915
4 3 7 1 7 4 -0.50000000000000000000 -0.86602540378443864676
4 3 7 2 7 4 0.50000000000000000000 0.86602540378443864676
4 3 7 5 6 4 -0.50000000000000000000 0.86602540378443864676
4 3 7 6 7 3 1.00000000000000000000 0
4 3 7 7 6 3 1.00000000000000000000 0
4 4 1 1 1 4 1.00000000000000000000 0
4 4 1 2 2 4 1.00000000000000000000 0
4 4 1 5 5 4 1.00000000000000000000 0
4 4 2 1 2 4 -0.50000000000000000000 0.86602540378443864676
4 4 2 2 1 4 1.00000000000000000000 0
4 4 2 5 5 4 -1.00000000000000000000 0
4 4 3 3 1 6 -0.35355339059327376220 -0.61237243569579452454
4 4 3 3 1 7 -0.35355339059327376220 -0.61237243569579452454
4 4 3 3 2 6 -0.35355339059327376220 -0.61237243569579452454
4 4 3 3 2 7 0.35355339059327376220 0.61237243569579452454
4 4 3 5 5 7 -0.50000000000000000000 0.86602540378443864676
4 4 3 6 5 6 0.50000000000000000000 0.86602540378443864676
4 4 4 4 1 1 0.50000000000000000000 0
4 4 4 4 1 2 0.50000000000000000000 0
4 4 4 4 1 5 0.35355339059327376220 0.61237243569579452454
4 4 4 4 2 1 0.50000000000000000000 0
4 4 4 4 2 2 0.50000000000000000000 0
4 4 4 4 2 5 -0.35355339059327376220 -0.61237243569579452454
4 4 4 4 5 1 0.35355339059327376220 0.61237243569579452454
4 4 4 4 5 2 -0.35355339059327376220 -0.61237243569579452454
4 4 4 4 5 5 0. 0
4 4 4 7 5 5 0.78605309474278746975 -0.61815898622060521322
4 4 5 1 5 4 0.50000000000000000000 0.86602540378443864676
4 4 5 2 5 4 0.50000000000000000000 0.86602540378443864676
4 4 5 3 5 7 0.50000000000000000000 -0.86602540378443864676
4 4 5 5 1 4 0.35355339059327376220 0.61237243569579452454
4 4 5 5 1 7 -0.35355339059327376220 -0.61237243569579452454
4 4 5 5 2 4 -0.35355339059327376220 -0.61237243569579452454
4 4 5 5 2 7 -0.35355339059327376220 -0.61237243569579452454
4 4 6 3 5 6 -1.00000000000000000000 0
4 4 6 6 1 3 -0.35355339059327376220 -0.61237243569579452454
4 4 6 6 1 6 -0.35355339059327376220 -0.61237243569579452454
4 4 6 6 2 3 -0.35355339059327376220 -0.61237243569579452454
4 4 6 6 2 6 0.35355339059327376220 0.61237243569579452454
4 4 6 7 5 3 -1.00000000000000000000 0
4 4 7 4 5 5 -0.14231483827328514044 0.98982144188093273237
4 4 7 6 5 3 -0.50000000000000000000 -0.86602540378443864676
4 4 7 7 1 3 -0.35355339059327376220 -0.61237243569579452454
4 4 7 7 1 5 -0.35355339059327376220 -0.61237243569579452454
4 4 7 7 2 3 -0.35355339059327376220 -0.61237243569579452454
4 4 7 7 2 5 0.35355339059327376220 0.61237243569579452454
4 5 1 4 4 5 1.00000000000000000000 0
4 5 1 7 7 5 1.00000000000000000000 0
4 5 2 4 4 5 -1.00000000000000000000 0
4 5 2 7 7 5 1.00000000000000000000 0
4 5 3 3 7 6 0.32706796331742163634 -0.94500081871466848739
4 5 3 4 7 5 -0.50000000000000000000 0.86602540378443864676
4 5 3 6 4 6 -0.50000000000000000000 0.86602540378443864676
4 5 3 7 4 5 0.50000000000000000000 0.86602540378443864676
4 5 4 1 4 4 -0.50000000000000000000 -0.86602540378443864676
4 5 4 2 4 4 0.50000000000000000000 0.86602540378443864676
4 5 4 3 7 7 0.72373403810507016163 -0.69007901148211198966
4 5 4 5 4 4 0. 0
4 5 4 5 4 7 -0.78605309474278746975 -0.61815898622060521322
4 5 4 5 7 4 -0.78605309474278746975 -0.61815898622060521322
4 5 4 5 7 7 0. 0
4 5 5 4 4 1 -0.35355339059327376220 -0.61237243569579452454
4 5 5 4 4 2 -0.35355339059327376220 -0.61237243569579452454
4 5 5 4 7 1 -0.35355339059327376220 -0.61237243569579452454
4 5 5 4 7 2 0.35355339059327376220 0.61237243569579452454
4 5 5 6 7 3 0.14231483827328514044 -0.98982144188093273237
4 5 5 7 4 3 -0.50000000000000000000 -0.86602540378443864676
4 5 6 3 4 7 1.00000000000000000000 0
4 5 6 5 7 7 0.50000000000000000000 -0.86602540378443864676
4 5 6 6 4 3 1.00000000000000000000 0
4 5 6 7 7 3 -0.92836793301607261020 0.37166245566032751915
4 5 7 1 7 4 0.50000000000000000000 0.86602540378443864676
4 5 7 2 7 4 0.50000000000000000000 0.86602540378443864676
4 5 7 3 4 6 0.50000000000000000000 -0.86602540378443864676
4 5 7 5 4 4 -0.14231483827328514044 -0.98982144188093273237
4 5 7 6 7 6 -0.50000000000000000000 0.86602540378443864676
4 6 1 3 3 6 1.00000000000000000000 0
4 6 1 6 6 6 1.00000000000000000000 0
4 6 2 3 3 6 -1.00000000000000000000 0
4 6 2 6 6 6 -1.00000000000000000000 0
4 6 3 1 3 4 -0.50000000000000000000 -0.86602540378443864676
4 6 3 2 3 4 -0.50000000000000000000 -0.86602540378443864676
4 6 3 4 6 5 0.50000000000000000000 0.86602540378443864676
4 6 3 5 6 4 -0.50000000000000000000 0.86602540378443864676
4 6 3 7 3 5 0.32706796331742163634 0.94500081871466848739
4 6 4 3 6 6 -0.72373403810507016163 -0.69007901148211198966
4 6 4 6 3 3 0. 0
4 6 4 6 3 6 -0.72373403810507016163 0.69007901148211198966
4 6 4 6 6 3 -0.72373403810507016163 0.69007901148211198966
4 6 4 6 6 6 0. 0
4 6 4 7 3 3 -0.14231483827328514044 -0.98982144188093273237
4 6 5 3 6 7 -0.58005690957119817919 -0.81457595205033570777
4 6 5 5 3 7 0.14231483827328514044 -0.98982144188093273237
4 6 5 6 3 3 0.84125353283118116886 0.54064081745559758210
4 6 5 7 6 3 -0.58005690957119817919 0.81457595205033570777
4 6 6 1 6 4 -0.50000000000000000000 -0.86602540378443864676
4 6 6 2 6 4 0.50000000000000000000 0.86602540378443864676
4 6 6 4 3 1 -0.35355339059327376220 -0.61237243569579452454
4 6 6 4 3 2 -0.35355339059327376220 -0.61237243569579452454
4 6 6 4 6 1 -0.35355339059327376220 -0.61237243569579452454
4 6 6 4 6 2 0.35355339059327376220 0.61237243569579452454
4 6 6 5 3 4 1.00000000000000000000 0
4 6 7 3 3 7 1.00000000000000000000 0
4 6 7 4 3 5 0.50000000000000000000 0.86602540378443864676
4 6 7 5 6 7 -0.50000000000000000000 0.86602540378443864676
4 6 7 7 6 5 -0.50000000000000000000 -0.86602540378443864676
4 7 1 3 3 7 1.00000000000000000000 0
4 7 1 5 5 7 1.00000000000000000000 0
4 7 2 3 3 7 1.00000000000000000000 0
4 7 2 5 5 7 1.00000000000000000000 0
4 7 3 1 3 4 -0.50000000000000000000 -0.86602540378443864676
4 7 3 2 3 4 0.50000000000000000000 0.86602540378443864676
4 7 3 5 5 4 0.50000000000000000000 0.86602540378443864676
4 7 3 6 5 3 0.32706796331742163634 0.94500081871466848739
4 7 3 7 3 3 -0.65486073394528506405 0.75574957435425828377
4 7 4 4 5 5 0.78605309474278746975 -0.61815898622060521322
4 7 4 6 3 3 -0.14231483827328514044 -0.98982144188093273237
4 7 4 7 3 3 0. 0
4 7 4 7 3 5 0.72373403810507016163 0.69007901148211198966
4 7 4 7 5 3 0.72373403810507016163 0.69007901148211198966
4 7 4 7 5 5 0. 0
4 7 5 1 5 4 -0.50000000000000000000 -0.86602540378443864676
4 7 5 2 5 4 0.50000000000000000000 0.86602540378443864676
4 7 5 3 5 6 0.14231483827328514044 0.98982144188093273237
4 7 5 5 3 4 -0.50000000000000000000 -0.86602540378443864676
4 7 5 6 3 6 0.58005690957119817919 -0.81457595205033570777
4 7 6 3 5 7 -0.92836793301607261020 -0.37166245566032751915
4 7 6 4 3 5 -1.00000000000000000000 0
4 7 6 5 3 7 0.92836793301607261020 -0.37166245566032751915
4 7 6 7 5 5 0.50000000000000000000 0.86602540378443864676
4 7 7 3 3 6 1.00000000000000000000 0
4 7 7 4 3 1 -0.35355339059327376220 -0.61237243569579452454
4 7 7 4 3 2 0.35355339059327376220 0.61237243569579452454
4 7 7 4 5 1 0.35355339059327376220 0.61237243569579452454
4 7 7 4 5 2 0.35355339059327376220 0.61237243569579452454
4 7 7 6 5 6 -0.50000000000000000000 -0.86602540378443864676
5 1 1 5 5 1 1.00000000000000000000 0
5 1 2 5 5 2 1.00000000000000000000 0
5 1 3 5 5 3 1.00000000000000000000 0
5 1 3 6 5 3 1.00000000000000000000 0
5 1 4 4 5 4 1.00000000000000000000 0
5 1 4 7 5 4 1.00000000000000000000 0
5 1 5 1 5 5 1.00000000000000000000 0
5 1 5 2 5 5 1.00000000000000000000 0
5 1 5 3 5 5 1.00000000000000000000 0
5 1 6 3 5 6 1.00000000000000000000 0
5 1 6 7 5 6 1.00000000000000000000 0
5 1 7 4 5 7 1.00000000000000000000 0
5 1 7 6 5 7 1.00000000000000000000 0
5 2 1 5 5 2 1.00000000000000000000 0
5 2 2 5 5 1 -0.50000000000000000000 -0.86602540378443864676
5 2 3 5 5 3 1.00000000000000000000 0
5 2 3 6 5 3 -1.00000000000000000000 0
5 2 4 4 5 4 -1.00000000000000000000 0
5 2 4 7 5 4 1.00000000000000000000 0
5 2 5 1 5 5 1.00000000000000000000 0
5 2 5 2 5 5 1.00000000000000000000 0
5 2 5 3 5 5 -1.00000000000000000000 0
5 2 6 3 5 6 1.00000000000000000000 0
5 2 6 7 5 6 -1.00000000000000000000 0
5 2 7 4 5 7 1.00000000000000000000 0
5 2 7 6 5 7 -1.00000000000000000000 0
5 3 1 5 5 3 1.00000000000000000000 0
5 3 1 6 6 3 1.00000000000000000000 0
5 3 2 5 5 3 1.00000000000000000000 0
5 3 2 6 6 3 1.00000000000000000000 0
5 3 3 4 6 7 0.65486073394528506405 -0.75574957435425828377
5 3 3 5 5 1 0.35355339059327376220 0.61237243569579452454
5 3 3 5 5 2 0.35355339059327376220 0.61237243569579452454
5 3 3 5 6 1 0.35355339059327376220 0.61237243569579452454
5 3 3 5 6 2 -0.35355339059327376220 -0.61237243569579452454
5 3 3 6 5 7 -1.00000000000000000000 0
5 3 4 3 6 6 0.84125353283118116886 -0.54064081745559758210
5 3 4 4 5 7 0.50000000000000000000 -0.86602540378443864676
5 3 4 6 6 7 0.58005690957119817919 0.81457595205033570777
5 3 4 7 5 6 0.14231483827328514044 0.98982144188093273237
5 3 5 1 5 5 -0.50000000000000000000 -0.86602540378443864676
5 3 5 2 5 5 0.50000000000000000000 0.86602540378443864676
5 3 5 3 5 5 0. 0
5 3 5 3 5 6 0.23575893550942722825 0.97181156832354168737
5 3 5 3 6 5 0.23575893550942722825 0.97181156832354168737
5 3 5 3 6 6 0. 0
5 3 5 7 6 6 0.88883544865492346631 -0.45822652172741039455
5 3 6 1 6 5 0.50000000000000000000 0.86602540378443864676
5 3 6 2 6 5 -0.50000000000000000000 -0.86602540378443864676
5 3 6 3 5 5 0.72373403810507016163 0.69007901148211198966
5 3 6 4 6 4 -0.50000000000000000000 0.86602540378443864676
5 3 6 7 5 4 -0.78605309474278746975 -0.61815898622060521322
5 3 7 4 5 4 1.00000000000000000000 0
5 3 7 5 6 3 0.50000000000000000000 0.86602540378443864676
5 3 7 6 5 3 0.50000000000000000000 -0.86602540378443864676
5 3 7 7 6 4 -0.14231483827328514044 0.98982144188093273237
5 4 1 4 4 4 1.00000000000000000000 0
5 4 1 7 7 4 1.00000000000000000000 0
5 4 2 4 4 4 -1.00000000000000000000 0
5 4 2 7 7 4 -1.00000000000000000000 0
5 4 3 3 7 6 -0.65486073394528506405 0.75574957435425828377
5 4 3 4 7 7 -0.23575893550942722825 0.97181156832354168737
5 4 3 6 4 7 0.50000000000000000000 0.86602540378443864676
5 4 3 7 4 6 -0.50000000000000000000 0.86602540378443864676
5 4 4 1 4 5 0.50000000000000000000 0.86602540378443864676
5 4 4 2 4 5 0.50000000000000000000 0.86602540378443864676
5 4 4 3 7 5 0.50000000000000000000 -0.86602540378443864676
5 4 4 5 4 1 0.35355339059327376220 0.61237243569579452454
5 4 4 5 4 2 -0.35355339059327376220 -0.61237243569579452454
5 4 4 5 7 1 -0.35355339059327376220 -0.61237243569579452454
5 4 4 5 7 2 -0.35355339059327376220 -0.61237243569579452454
5 4 5 4 4 4 0. 0
5 4 5 4 4 7 -0.92836793301607261020 -0.37166245566032751915
5 4 5 4 7 4 -0.92836793301607261020 -0.37166245566032751915
5 4 5 4 7 7 0. 0
5 4 5 6 7 7 0.50000000000000000000 -0.86602540378443864676
5 4 5 7 4 4 -0.92836793301607261020 0.37166245566032751915
5 4 6 3 4 6 -0.50000000000000000000 0.86602540378443864676
5 4 6 5 7 3 0.78605309474278746975 -0.61815898622060521322
5 4 6 6 4 3 -0.50000000000000000000 -0.86602540378443864676
5 4 6 7 7 6 -0.50000000000000000000 0.86602540378443864676
5 4 7 1 7 5 0.50000000000000000000 0.86602540378443864676
5 4 7 2 7 5 0.50000000000000000000 0.86602540378443864676
5 4 7 3 4 5 1.00000000000000000000 0
5 4 7 5 4 3 -1.00000000000000000000 0
5 4 7 6 7 3 -0.14231483827328514044 -0.98982144188093273237
5 5 1 1 1 5 1.00000000000000000000 0
5 5 1 2 2 5 1.00000000000000000000 0
5 5 1 3 3 5 1.00000000000000000000 0
5 5 2 1 2 5 0.50000000000000000000 -0.86602540378443864676
5 5 2 2 1 5 -1.00000000000000000000 0
5 5 2 3 3 5 1.00000000000000000000 0
5 5 3 1 3 5 -0.50000000000000000000 -0.86602540378443864676
5 5 3 2 3 5 0.50000000000000000000 0.86602540378443864676
5 5 3 3 1 5 0.35355339059327376220 0.61237243569579452454
5 5 3 3 1 6 -0.35355339059327376220 -0.61237243569579452454
5 5 3 3 2 5 -0.35355339059327376220 -0.61237243569579452454
5 5 3 3 2 6 -0.35355339059327376220 -0.61237243569579452454
5 5 3 7 3 6 -1.00000000000000000000 0
5 5 4 4 1 4 -0.35355339059327376220 -0.61237243569579452454
5 5 4 4 1 7 -0.35355339059327376220 -0.61237243569579452454
5 5 4 4 2 4 -0.35355339059327376220 -0.61237243569579452454
5 5 4 4 2 7 0.35355339059327376220 0.61237243569579452454
5 5 4 6 3 7 0.14231483827328514044 -0.98982144188093273237
5 5 4 7 3 4 -0.50000000000000000000 -0.86602540378443864676
5 5 5 5 1 1 0.50000000000000000000 0
5 5 5 5 1 2 -0.50000000000000000000 0
5 5 5 5 1 3 0.35355339059327376220 0.61237243569579452454
5 5 5 5 2 1 -0.50000000000000000000 0
5 5 5 5 2 2 0.50000000000000000000 0
5 5 5 5 2 3 0.35355339059327376220 0.61237243569579452454
5 5 5 5 3 1 0.35355339059327376220 0.61237243569579452454
5 5 5 5 3 2 0.35355339059327376220 0.61237243569579452454
5 5 5 5 3 3 0. 0
5 5 5 6 3 3 -0.23575893550942722825 0.97181156832354168737
5 5 6 4 3 7 0.78605309474278746975 -0.61815898622060521322
5 5 6 5 3 3 0.72373403810507016163 -0.69007901148211198966
5 5 6 6 1 3 -0.35355339059327376220 -0.61237243569579452454
5 5 6 6 1 7 0.35355339059327376220 0.61237243569579452454
5 5 6 6 2 3 0.35355339059327376220 0.61237243569579452454
5 5 6 6 2 7 0.35355339059327376220 0.61237243569579452454
5 5 7 3 3 6 -0.50000000000000000000 -0.86602540378443864676
5 5 7 4 3 4 -1.00000000000000000000 0
5 5 7 7 1 4 -0.35355339059327376220 -0.61237243569579452454
5 5 7 7 1 6 0.35355339059327376220 0.61237243569579452454
5 5 7 7 2 4 0.35355339059327376220 0.61237243569579452454
5 5 7 7 2 6 0.35355339059327376220 0.61237243569579452454
5 6 1 3 3 6 1.00000000000000000000 0
5 6 1 7 7 6 1.00000000000000000000 0
5 6 2 3 3 6 1.00000000000000000000 0
5 6 2 7 7 6 -1.00000000000000000000 0
5 6 3 1 3 5 0.50000000000000000000 0.86602540378443864676
5 6 3 2 3 5 0.50000000000000000000 0.86602540378443864676
5 6 3 3 7 5 -1.00000000000000000000 0
5 6 3 4 7 4 -0.50000000000000000000 -0.86602540378443864676
5 6 3 7 3 4 0.65486073394528506405 0.75574957435425828377
5 6 4 3 7 6 -0.58005690957119817919 -0.81457595205033570777
5 6 4 5 7 3 0.14231483827328514044 -0.98982144188093273237
5 6 4 6 3 3 0.84125353283118116886 0.54064081745559758210
5 6 4 7 3 6 -0.58005690957119817919 0.81457595205033570777
5 6 5 4 7 7 0.50000000000000000000 -0.86602540378443864676
5 6 5 5 3 3 -0.23575893550942722825 0.97181156832354168737
5 6 5 6 3 3 0. 0
5 6 5 6 3 7 -0.88883544865492346631 -0.45822652172741039455
5 6 5 6 7 3 -0.88883544865492346631 -0.45822652172741039455
5 6 5 6 7 7 0. 0
5 6 6 4 3 4 -0.50000000000000000000 -0.86602540378443864676
5 6 6 5 3 1 0.35355339059327376220 0.61237243569579452454
5 6 6 5 3 2 0.35355339059327376220 0.61237243569579452454
5 6 6 5 7 1 0.35355339059327376220 0.61237243569579452454
5 6 6 5 7 2 -0.35355339059327376220 -0.61237243569579452454
5 6 6 7 7 4 -0.50000000000000000000 -0.86602540378443864676
5 6 7 1 7 5 0.50000000000000000000 0.86602540378443864676
5 6 7 2 7 5 -0.50000000000000000000 -0.86602540378443864676
5 6 7 3 3 5 -0.50000000000000000000 0.86602540378443864676
5 6 7 4 3 7 -0.14231483827328514044 -0.98982144188093273237
5 6 7 6 7 7 0.50000000000000000000 -0.86602540378443864676
5 7 1 4 4 7 1.00000000000000000000 0
5 7 1 6 6 7 1.00000000000000000000 0
5 7 2 4 4 7 -1.00000000000000000000 0
5 7 2 6 6 7 -1.00000000000000000000 0
5 7 3 4 6 4 0.50000000000000000000 -0.86602540378443864676
5 7 3 5 6 3 -1.00000000000000000000 0
5 7 3 6 4 3 -0.65486073394528506405 -0.75574957435425828377
5 7 3 7 4 4 -0.23575893550942722825 -0.97181156832354168737
5 7 4 1 4 5 -0.50000000000000000000 -0.86602540378443864676
5 7 4 2 4 5 0.50000000000000000000 0.86602540378443864676
5 7 4 3 6 5 0.14231483827328514044 0.98982144188093273237
5 7 4 5 4 3 -0.50000000000000000000 -0.86602540378443864676
5 7 4 6 6 3 0.58005690957119817919 -0.81457595205033570777
5 7 5 3 6 6 0.88883544865492346631 -0.45822652172741039455
5 7 5 4 4 4 -0.92836793301607261020 0.37166245566032751915
5 7 5 7 4 4 0. 0
5 7 5 7 4 6 -0.50000000000000000000 -0.86602540378443864676
5 7 5 7 6 4 -0.50000000000000000000 -0.86602540378443864676
5 7 5 7 6 6 0. 0
5 7 6 1 6 5 -0.50000000000000000000 -0.86602540378443864676
5 7 6 2 6 5 -0.50000000000000000000 -0.86602540378443864676
5 7 6 3 4 5 -0.78605309474278746975 -0.61815898622060521322
5 7 6 4 6 7 0.50000000000000000000 -0.86602540378443864676
5 7 6 6 4 7 0.50000000000000000000 0.86602540378443864676
5 7 7 3 4 6 -0.14231483827328514044 0.98982144188093273237
5 7 7 5 4 1 0.35355339059327376220 0.61237243569579452454
5 7 7 5 4 2 -0.35355339059327376220 -0.61237243569579452454
5 7 7 5 6 1 -0.35355339059327376220 -0.61237243569579452454
5 7 7 5 6 2 -0.35355339059327376220 -0.61237243569579452454
5 7 7 7 6 6 0.50000000000000000000 0.86602540378443864676
6 1 1 6 6 1 1.00000000000000000000 0
6 1 2 6 6 2 1.00000000000000000000 0
6 1 3 4 6 3 1.00000000000000000000 0
6 1 3 5 6 3 1.00000000000000000000 0
6 1 4 3 6 4 1.00000000000000000000 0
6 1 4 6 6 4 1.00000000000000000000 0
6 1 5 3 6 5 1.00000000000000000000 0
6 1 5 7 6 5 1.00000000000000000000 0
6 1 6 1 6 6 1.00000000000000000000 0
6 1 6 2 6 6 1.00000000000000000000 0
6 1 6 4 6 6 1.00000000000000000000 0
6 1 7 5 6 7 1.00000000000000000000 0
6 1 7 7 6 7 1.00000000000000000000 0
6 2 1 6 6 2 1.00000000000000000000 0
6 2 2 6 6 1 -0.50000000000000000000 -0.86602540378443864676
6 2 3 4 6 3 -1.00000000000000000000 0
6 2 3 5 6 3 1.00000000000000000000 0
6 2 4 3 6 4 1.00000000000000000000 0
6 2 4 6 6 4 -1.00000000000000000000 0
6 2 5 3 6 5 1.00000000000000000000 0
6 2 5 7 6 5 -1.00000000000000000000 0
6 2 6 1 6 6 1.00000000000000000000 0
6 2 6 2 6 6 1.00000000000000000000 0
6 2 6 4 6 6 -1.00000000000000000000 0
6 2 7 5 6 7 -1.00000000000000000000 0
6 2 7 7 6 7 1.00000000000000000000 0
6 3 1 4 4 3 1.00000000000000000000 0
6 3 1 5 5 3 1.00000000000000000000 0
6 3 2 4 4 3 1.00000000000000000000 0
6 3 2 5 5 3 -1.00000000000000000000 0
6 3 3 5 5 7 0.50000000000000000000 0.86602540378443864676
6 3 3 6 4 1 -0.35355339059327376220 -0.61237243569579452454
6 3 3 6 4 2 0.35355339059327376220 0.61237243569579452454
6 3 3 6 5 1 0.35355339059327376220 0.61237243569579452454
6 3 3 6 5 2 0.35355339059327376220 0.61237243569579452454
6 3 3 7 4 7 0.50000000000000000000 -0.86602540378443864676
6 3 4 1 4 6 -0.50000000000000000000 -0.86602540378443864676
6 3 4 2 4 6 -0.50000000000000000000 -0.86602540378443864676
6 3 4 4 5 6 -1.00000000000000000000 0
6 3 4 5 4 7 1.00000000000000000000 0
6 3 4 7 5 7 -0.92836793301607261020 -0.37166245566032751915
6 3 5 1 5 6 0.50000000000000000000 0.86602540378443864676
6 3 5 2 5 6 -0.50000000000000000000 -0.86602540378443864676
6 3 5 3 5 5 0.72373403810507016163 0.69007901148211198966
6 3 5 4 4 6 -0.50000000000000000000 0.86602540378443864676
6 3 5 7 4 5 -0.78605309474278746975 -0.61815898622060521322
6 3 6 3 4 4 0. 0
6 3 6 3 4 5 0.88883544865492346631 -0.45822652172741039455
6 3 6 3 5 4 0.88883544865492346631 -0.45822652172741039455
6 3 6 3 5 5 0. 0
6 3 6 6 4 4 -0.23575893550942722825 -0.97181156832354168737
6 3 6 7 5 5 -0.84125353283118116886 0.54064081745559758210
6 3 7 3 4 4 0.92836793301607261020 0.37166245566032751915
6 3 7 4 5 3 -0.98192869726270670039 0.18925124436041020361
6 3 7 5 4 3 0.98192869726270670039 0.18925124436041020361
6 3 7 6 5 4 -0.41541501300188642552 -0.90963199535451837141
6 4 1 3 3 4 1.00000000000000000000 0
6 4 1 6 6 4 1.00000000000000000000 0
6 4 2 3 3 4 1.00000000000000000000 0
6 4 2 6 6 4 -1.00000000000000000000 0
6 4 3 1 3 6 -0.50000000000000000000 -0.86602540378443864676
6 4 3 2 3 6 0.50000000000000000000 0.86602540378443864676
6 4 3 4 6 6 0.95949297361449738989 0.28173255684142969771
6 4 3 5 6 7 0.99547192257308460472 0.09505604330418266363
6 4 3 7 3 7 0.50000000000000000000 0.86602540378443864676
6 4 4 3 6 5 -1.00000000000000000000 0
6 4 4 6 3 1 -0.35355339059327376220 -0.61237243569579452454
6 4 4 6 3 2 -0.35355339059327376220 -0.61237243569579452454
6 4 4 6 6 1 -0.35355339059327376220 -0.61237243569579452454
6 4 4 6 6 2 0.35355339059327376220 0.61237243569579452454
6 4 4 7 3 5 -1.00000000000000000000 0
6 4 5 3 6 4 -0.50000000000000000000 0.86602540378443864676
6 4 5 5 3 7 0.78605309474278746975 -0.61815898622060521322
6 4 5 6 3 4 -0.50000000000000000000 -0.86602540378443864676
6 4 5 7 6 7 0.50000000000000000000 -0.86602540378443864676
6 4 6 1 6 6 -0.50000000000000000000 -0.86602540378443864676
6 4 6 2 6 6 0.50000000000000000000 0.86602540378443864676
6 4 6 4 3 3 0. 0
6 4 6 4 3 6 -0.23575893550942722825 0.97181156832354168737
6 4 6 4 6 3 -0.23575893550942722825 0.97181156832354168737
6 4 6 4 6 6 0. 0
6 4 6 5 3 3 -0.88883544865492346631 -0.45822652172741039455
6 4 7 3 3 5 -0.98192869726270670039 0.18925124436041020361
6 4 7 4 3 3 0.92836793301607261020 -0.37166245566032751915
6 4 7 5 6 3 -0.41541501300188642552 0.90963199535451837141
6 4 7 7 6 5 -1.00000000000000000000 0
6 5 1 3 3 5 1.00000000000000000000 0
6 5 1 7 7 5 1.00000000000000000000 0
6 5 2 3 3 5 -1.00000000000000000000 0
6 5 2 7 7 5 -1.00000000000000000000 0
6 5 3 1 3 6 -0.50000000000000000000 -0.86602540378443864676
6 5 3 2 3 6 -0.50000000000000000000 -0.86602540378443864676
6 5 3 3 7 5 0.50000000000000000000 0.86602540378443864676
6 5 3 4 7 6 0.99547192257308460472 0.09505604330418266363
6 5 3 7 3 5 0.50000000000000000000 -0.86602540378443864676
6 5 4 3 7 4 1.00000000000000000000 0
6 5 4 5 7 7 0.50000000000000000000 -0.86602540378443864676
6 5 4 6 3 4 1.00000000000000000000 0
6 5 4 7 3 7 0.92836793301607261020 -0.37166245566032751915
6 5 5 4 7 3 0.78605309474278746975 -0.61815898622060521322
6 5 5 5 3 3 0.72373403810507016163 -0.69007901148211198966
6 5 5 6 3 1 -0.35355339059327376220 -0.61237243569579452454
6 5 5 6 3 2 0.35355339059327376220 0.61237243569579452454
6 5 5 6 7 1 0.35355339059327376220 0.61237243569579452454
6 5 5 6 7 2 0.35355339059327376220 0.61237243569579452454
6 5 6 4 3 3 -0.88883544865492346631 -0.45822652172741039455
6 5 6 5 3 3 0. 0
6 5 6 5 3 7 -0.84125353283118116886 -0.54064081745559758210
6 5 6 5 7 3 -0.84125353283118116886 -0.54064081745559758210
6 5 6 5 7 7 0. 0
6 5 6 7 7 7 -0.50000000000000000000 0.86602540378443864676
6 5 7 1 7 6 0.50000000000000000000 0.86602540378443864676
6 5 7 2 7 6 0.50000000000000000000 0.86602540378443864676
6 5 7 3 3 4 0.98192869726270670039 0.18925124436041020361
6 5 7 4 3 6 0.41541501300188642552 -0.90963199535451837141
6 5 7 6 7 4 1.00000000000000000000 0
6 6 1 1 1 6 1.00000000000000000000 0
6 6 1 2 2 6 1.00000000000000000000 0
6 6 1 4 4 6 1.00000000000000000000 0
6 6 2 1 2 6 -0.50000000000000000000 0.86602540378443864676
6 6 2 2 1 6 1.00000000000000000000 0
6 6 2 4 4 6 -1.00000000000000000000 0
6 6 3 3 1 4 -0.35355339059327376220 -0.61237243569579452454
6 6 3 3 1 5 0.35355339059327376220 0.61237243569579452454
6 6 3 3 2 4 0.35355339059327376220 0.61237243569579452454
6 6 3 3 2 5 0.35355339059327376220 0.61237243569579452454
6 6 3 6 4 4 0.95949297361449738989 -0.28173255684142969771
6 6 3 7 4 5 -0.99547192257308460472 0.09505604330418266363
6 6 4 1 4 6 -0.50000000000000000000 -0.86602540378443864676
6 6 4 2 4 6 0.50000000000000000000 0.86602540378443864676
6 6 4 4 1 3 -0.35355339059327376220 -0.61237243569579452454
6 6 4 4 1 6 -0.35355339059327376220 -0.61237243569579452454
6 6 4 4 2 3 -0.35355339059327376220 -0.61237243569579452454
6 6 4 4 2 6 0.35355339059327376220 0.61237243569579452454
6 6 4 5 4 3 1.00000000000000000000 0
6 6 5 4 4 3 -0.50000000000000000000 -0.86602540378443864676
6 6 5 5 1 3 0.35355339059327376220 0.61237243569579452454
6 6 5 5 1 7 0.35355339059327376220 0.61237243569579452454
6 6 5 5 2 3 0.35355339059327376220 0.61237243569579452454
6 6 5 5 2 7 -0.35355339059327376220 -0.61237243569579452454
6 6 5 7 4 7 0.50000000000000000000 0.86602540378443864676
6 6 6 3 4 4 -0.23575893550942722825 -0.97181156832354168737
6 6 6 6 1 1 0.50000000000000000000 0
6 6 6 6 1 2 0.50000000000000000000 0
6 6 6 6 1 4 -0.35355339059327376220 -0.61237243569579452454
6 6 6 6 2 1 0.50000000000000000000 0
6 6 6 6 2 2 0.50000000000000000000 0
6 6 6 6 2 4 0.35355339059327376220 0.61237243569579452454
6 6 6 6 4 1 -0.35355339059327376220 -0.61237243569579452454
6 6 6 6 4 2 0.35355339059327376220 0.61237243569579452454
6 6 6 6 4 4 0. 0
6 6 7 3 4 5 0.41541501300188642552 0.90963199535451837141
6 6 7 5 4 7 1.00000000000000000000 0
6 6 7 7 1 5 0.35355339059327376220 0.61237243569579452454
6 6 7 7 1 7 -0.35355339059327376220 -0.61237243569579452454
6 6 7 7 2 5 -0.35355339059327376220 -0.61237243569579452454
6 6 7 7 2 7 -0.35355339059327376220 -0.61237243569579452454
6 7 1 5 5 7 1.00000000000000000000 0
6 7 1 7 7 7 1.00000000000000000000 0
6 7 2 5 5 7 -1.00000000000000000000 0
6 7 2 7 7 7 -1.00000000000000000000 0
6 7 3 3 7 4 -0.50000000000000000000 0.86602540378443864676
6 7 3 4 7 3 -0.50000000000000000000 -0.86602540378443864676
6 7 3 5 5 3 0.50000000000000000000 -0.86602540378443864676
6 7 3 6 5 4 -0.99547192257308460472 0.09505604330418266363
6 7 4 3 7 5 0.92836793301607261020 0.37166245566032751915
6 7 4 4 5 3 -1.00000000000000000000 0
6 7 4 5 7 3 -0.92836793301607261020 0.37166245566032751915
6 7 4 7 5 5 0.50000000000000000000 0.86602540378443864676
6 7 5 1 5 6 -0.50000000000000000000 -0.86602540378443864676
6 7 5 2 5 6 -0.50000000000000000000 -0.86602540378443864676
6 7 5 3 5 4 -0.78605309474278746975 -0.61815898622060521322
6 7 5 4 7 6 -0.50000000000000000000 0.86602540378443864676
6 7 5 6 7 4 -0.50000000000000000000 -0.86602540378443864676
6 7 6 3 5 5 -0.84125353283118116886 0.54064081745559758210
6 7 6 5 7 7 -0.50000000000000000000 0.86602540378443864676
6 7 6 7 5 5 0. 0
6 7 6 7 5 7 0.50000000000000000000 0.86602540378443864676
6 7 6 7 7 5 0.50000000000000000000 0.86602540378443864676
6 7 6 7 7 7 0. 0
6 7 7 1 7 6 -0.50000000000000000000 -0.86602540378443864676
6 7 7 2 7 6 0.50000000000000000000 0.86602540378443864676
6 7 7 4 5 6 -1.00000000000000000000 0
6 7 7 6 5 1 -0.35355339059327376220 -0.61237243569579452454
6 7 7 6 5 2 -0.35355339059327376220 -0.61237243569579452454
6 7 7 6 7 1 -0.35355339059327376220 -0.61237243569579452454
6 7 7 6 7 2 0.35355339059327376220 0.61237243569579452454
7 1 1 7 7 1 1.00000000000000000000 0
7 1 2 7 7 2 1.00000000000000000000 0
7 1 3 3 7 3 1.00000000000000000000 0
7 1 3 4 7 3 1.00000000000000000000 0
7 1 4 3 7 4 1.00000000000000000000 0
7 1 4 5 7 4 1.00000000000000000000 0
7 1 5 4 7 5 1.00000000000000000000 0
7 1 5 6 7 5 1.00000000000000000000 0
7 1 6 5 7 6 1.00000000000000000000 0
7 1 6 7 7 6 1.00000000000000000000 0
7 1 7 1 7 7 1.00000000000000000000 0
7 1 7 2 7 7 1.00000000000000000000 0
7 1 7 6 7 7 1.00000000000000000000 0
7 2 1 7 7 2 1.00000000000000000000 0
7 2 2 7 7 1 -0.50000000000000000000 -0.86602540378443864676
7 2 3 3 7 3 -1.00000000000000000000 0
7 2 3 4 7 3 1.00000000000000000000 0
7 2 4 3 7 4 1.00000000000000000000 0
7 2 4 5 7 4 -1.00000000000000000000 0
7 2 5 4 7 5 1.00000000000000000000 0
7 2 5 6 7 5 -1.00000000000000000000 0
7 2 6 5 7 6 -1.00000000000000000000 0
7 2 6 7 7 6 1.00000000000000000000 0
7 2 7 1 7 7 1.00000000000000000000 0
7 2 7 2 7 7 1.00000000000000000000 0
7 2 7 6 7 7 -1.00000000000000000000 0
7 3 1 3 3 3 1.00000000000000000000 0
7 3 1 4 4 3 1.00000000000000000000 0
7 3 2 3 3 3 -1.00000000000000000000 0
7 3 2 4 4 3 -1.00000000000000000000 0
7 3 3 1 3 7 0.50000000000000000000 0.86602540378443864676
7 3 3 2 3 7 0.50000000000000000000 0.86602540378443864676
7 3 3 6 4 7 0.50000000000000000000 -0.86602540378443864676
7 3 3 7 3 1 0.35355339059327376220 0.61237243569579452454
7 3 3 7 3 2 -0.35355339059327376220 -0.61237243569579452454
7 3 3 7 4 1 -0.35355339059327376220 -0.61237243569579452454
7 3 3 7 4 2 -0.35355339059327376220 -0.61237243569579452454
7 3 4 1 4 7 -0.50000000000000000000 -0.86602540378443864676
7 3 4 2 4 7 0.50000000000000000000 0.86602540378443864676
7 3 4 5 4 6 -0.50000000000000000000 0.86602540378443864676
7 3 4 6 3 7 1.00000000000000000000 0
7 3 4 7 3 6 1.00000000000000000000 0
7 3 5 4 4 5 1.00000000000000000000 0
7 3 5 5 3 6 -0.50000000000000000000 -0.86602540378443864676
7 3 5 6 3 5 -0.50000000000000000000 0.86602540378443864676
7 3 5 7 4 6 0.14231483827328514044 -0.98982144188093273237
7 3 6 3 4 4 0.92836793301607261020 0.37166245566032751915
7 3 6 4 3 5 0.98192869726270670039 -0.18925124436041020361
7 3 6 5 3 4 -0.98192869726270670039 -0.18925124436041020361
7 3 6 6 4 5 -0.41541501300188642552 -0.90963199535451837141
7 3 7 3 3 3 0. 0
7 3 7 3 3 4 0.32706796331742163634 0.94500081871466848739
7 3 7 3 4 3 0.32706796331742163634 0.94500081871466848739
7 3 7 3 4 4 0. 0
7 3 7 4 3 3 0.32706796331742163634 -0.94500081871466848739
7 3 7 5 4 4 -0.95949297361449738989 0.28173255684142969771
7 4 1 3 3 4 1.00000000000000000000 0
7 4 1 5 5 4 1.00000000000000000000 0
7 4 2 3 3 4 -1.00000000000000000000 0
7 4 2 5 5 4 1.00000000000000000000 0
7 4 3 1 3 7 -0.50000000000000000000 -0.86602540378443864676
7 4 3 2 3 7 0.50000000000000000000 0.86602540378443864676
7 4 3 5 5 6 -0.92836793301607261020 0.37166245566032751915
7 4 3 6 5 7 -0.78605309474278746975 -0.61815898622060521322
7 4 3 7 3 6 0.50000000000000000000 0.86602540378443864676
7 4 4 4 5 5 -0.14231483827328514044 0.98982144188093273237
7 4 4 6 3 5 -0.50000000000000000000 -0.86602540378443864676
7 4 4 7 3 1 -0.35355339059327376220 -0.61237243569579452454
7 4 4 7 3 2 -0.35355339059327376220 -0.61237243569579452454
7 4 4 7 5 1 -0.35355339059327376220 -0.61237243569579452454
7 4 4 7 5 2 0.35355339059327376220 0.61237243569579452454
7 4 5 1 5 7 0.50000000000000000000 0.86602540378443864676
7 4 5 2 5 7 0.50000000000000000000 0.86602540378443864676
7 4 5 3 5 4 1.00000000000000000000 0
7 4 5 5 3 4 -1.00000000000000000000 0
7 4 5 6 3 7 0.14231483827328514044 0.98982144188093273237
7 4 6 3 5 3 0.98192869726270670039 -0.18925124436041020361
7 4 6 4 3 3 0.92836793301607261020 -0.37166245566032751915
7 4 6 5 3 6 -0.41541501300188642552 0.90963199535451837141
7 4 6 7 5 6 1.00000000000000000000 0
7 4 7 3 3 3 0.32706796331742163634 -0.94500081871466848739
7 4 7 4 3 3 0. 0
7 4 7 4 3 5 0.95949297361449738989 0.28173255684142969771
7 4 7 4 5 3 0.95949297361449738989 0.28173255684142969771
7 4 7 4 5 5 0. 0
7 4 7 6 5 5 -1.00000000000000000000 0
7 5 1 4 4 5 1.00000000000000000000 0
7 5 1 6 6 5 1.00000000000000000000 0
7 5 2 4 4 5 1.00000000000000000000 0
7 5 2 6 6 5 -1.00000000000000000000 0
7 5 3 4 6 5 -0.92836793301607261020 0.37166245566032751915
7 5 3 5 6 6 0.04758191582374229744 0.99886733918300797666
7 5 3 6 4 5 0.92836793301607261020 0.37166245566032751915
7 5 3 7 4 6 0.78605309474278746975 -0.61815898622060521322
7 5 4 1 4 7 0.50000000000000000000 0.86602540378443864676
7 5 4 2 4 7 0.50000000000000000000 0.86602540378443864676
7 5 4 3 6 4 0.50000000000000000000 -0.86602540378443864676
7 5 4 5 4 4 -0.14231483827328514044 -0.98982144188093273237
7 5 4 6 6 7 0.50000000000000000000 -0.86602540378443864676
7 5 5 3 6 3 0.50000000000000000000 0.86602540378443864676
7 5 5 4 4 3 -1.00000000000000000000 0
7 5 5 7 4 1 -0.35355339059327376220 -0.61237243569579452454
7 5 5 7 4 2 0.35355339059327376220 0.61237243569579452454
7 5 5 7 6 1 0.35355339059327376220 0.61237243569579452454
7 5 5 7 6 2 0.35355339059327376220 0.61237243569579452454
7 5 6 1 6 7 0.50000000000000000000 0.86602540378443864676
7 5 6 2 6 7 0.50000000000000000000 0.86602540378443864676
7 5 6 3 4 3 -0.98192869726270670039 -0.18925124436041020361
7 5 6 4 6 3 0.41541501300188642552 -0.90963199535451837141
7 5 6 6 4 7 -1.00000000000000000000 0
7 5 7 3 4 4 -0.95949297361449738989 0.28173255684142969771
7 5 7 5 4 4 0. 0
7 5 7 5 4 6 1.00000000000000000000 0
7 5 7 5 6 4 1.00000000000000000000 0
7 5 7 5 6 6 0. 0
7 5 7 7 6 6 1.00000000000000000000 0
7 6 1 5 5 6 1.00000000000000000000 0
7 6 1 7 7 6 1.00000000000000000000 0
7 6 2 5 5 6 -1.00000000000000000000 0
7 6 2 7 7 6 1.00000000000000000000 0
7 6 3 3 7 4 -0.50000000000000000000 0.86602540378443864676
7 6 3 4 7 5 -0.78605309474278746975 -0.61815898622060521322
7 6 3 5 5 4 0.92836793301607261020 0.37166245566032751915
7 6 3 6 5 5 0.04758191582374229744 -0.99886733918300797666
7 6 4 3 7 3 1.00000000000000000000 0
7 6 4 4 5 3 0.50000000000000000000 0.86602540378443864676
7 6 4 5 7 6 0.50000000000000000000 -0.86602540378443864676
7 6 4 7 5 6 0.50000000000000000000 0.86602540378443864676
7 6 5 1 5 7 0.50000000000000000000 0.86602540378443864676
7 6 5 2 5 7 -0.50000000000000000000 -0.86602540378443864676
7 6 5 3 5 3 0.50000000000000000000 -0.86602540378443864676
7 6 5 4 7 3 0.14231483827328514044 0.98982144188093273237
7 6 5 6 7 7 0.50000000000000000000 -0.86602540378443864676
7 6 6 3 5 4 0.41541501300188642552 0.90963199535451837141
7 6 6 5 7 4 -1.00000000000000000000 0
7 6 6 7 5 1 0.35355339059327376220 0.61237243569579452454
7 6 6 7 5 2 -0.35355339059327376220 -0.61237243569579452454
7 6 6 7 7 1 -0.35355339059327376220 -0.61237243569579452454
7 6 6 7 7 2 -0.35355339059327376220 -0.61237243569579452454
7 6 7 1 7 7 -0.50000000000000000000 -0.86602540378443864676
7 6 7 2 7 7 0.50000000000000000000 0.86602540378443864676
7 6 7 4 5 5 -1.00000000000000000000 0
7 6 7 6 5 5 0. 0
7 6 7 6 5 7 1.00000000000000000000 0
7 6 7 6 7 5 1.00000000000000000000 0
7 6 7 6 7 7 0. 0
7 7 1 1 1 7 1.00000000000000000000 0
7 7 1 2 2 7 1.00000000000000000000 0
7 7 1 6 6 7 1.00000000000000000000 0
7 7 2 1 2 7 0.50000000000000000000 -0.86602540378443864676
7 7 2 2 1 7 -1.00000000000000000000 0
7 7 2 6 6 7 1.00000000000000000000 0
7 7 3 3 1 3 -0.35355339059327376220 -0.61237243569579452454
7 7 3 3 1 4 -0.35355339059327376220 -0.61237243569579452454
7 7 3 3 2 3 -0.35355339059327376220 -0.61237243569579452454
7 7 3 3 2 4 0.35355339059327376220 0.61237243569579452454
7 7 3 4 6 3 -0.50000000000000000000 -0.86602540378443864676
7 7 3 5 6 4 0.78605309474278746975 -0.61815898622060521322
7 7 4 3 6 3 1.00000000000000000000 0
7 7 4 4 1 3 -0.35355339059327376220 -0.61237243569579452454
7 7 4 4 1 5 0.35355339059327376220 0.61237243569579452454
7 7 4 4 2 3 0.35355339059327376220 0.61237243569579452454
7 7 4 4 2 5 0.35355339059327376220 0.61237243569579452454
7 7 4 6 6 5 0.50000000000000000000 0.86602540378443864676
7 7 5 3 6 4 0.14231483827328514044 -0.98982144188093273237
7 7 5 5 1 4 0.35355339059327376220 0.61237243569579452454
7 7 5 5 1 6 -0.35355339059327376220 -0.61237243569579452454
7 7 5 5 2 4 -0.35355339059327376220 -0.61237243569579452454
7 7 5 5 2 6 -0.35355339059327376220 -0.61237243569579452454
7 7 5 7 6 6 0.50000000000000000000 0.86602540378443864676
7 7 6 1 6 7 -0.50000000000000000000 -0.86602540378443864676
7 7 6 2 6 7 0.50000000000000000000 0.86602540378443864676
7 7 6 4 6 5 1.00000000000000000000 0
7 7 6 6 1 5 -0.35355339059327376220 -0.61237243569579452454
7 7 6 6 1 7 -0.35355339059327376220 -0.61237243569579452454
7 7 6 6 2 5 -0.35355339059327376220 -0.61237243569579452454
7 7 6 6 2 7 0.35355339059327376220 0.61237243569579452454
7 7 7 5 6 6 1.00000000000000000000 0
7 7 7 7 1 1 0.50000000000000000000 0
7 7 7 7 1 2 -0.50000000000000000000 0
7 7 7 7 1 6 -0.35355339059327376220 -0.61237243569579452454
7 7 7 7 2 1 -0.50000000000000000000 0
7 7 7 7 2 2 0.50000000000000000000 0
7 7 7 7 2 6 -0.35355339059327376220 -0.61237243569579452454
7 7 7 7 6 1 -0.35355339059327376220 -0.61237243569579452454
7 7 7 7 6 2 -0.35355339059327376220 -0.61237243569579452454
7 7 7 7 6 6 0. 0