1 1 1 1 1 1 1.00000000000000000000 0
1 1 2 2 1 2 1.00000000000000000000 0
1 1 3 3 1 3 1.00000000000000000000 0
1 1 4 4 1 4 1.00000000000000000000 0
1 1 5 5 1 5 1.00000000000000000000 0
1 1 6 6 1 6 1.00000000000000000000 0
1 1 7 7 1 7 1.00000000000000000000 0
1 2 1 2 2 2 1.00000000000000000000 0
1 2 2 1 2 1 1.00000000000000000000 0
1 2 3 4 2 4 1.00000000000000000000 0
1 2 4 3 2 3 1.00000000000000000000 0
1 2 5 6 2 6 1.00000000000000000000 0
1 2 6 5 2 5 1.00000000000000000000 0
1 2 7 7 2 7 1.00000000000000000000 0
1 3 1 3 3 3 1.00000000000000000000 0
1 3 2 4 3 4 1.00000000000000000000 0
1 3 3 2 3 2 1.00000000000000000000 0
1 3 3 5 3 5 1.00000000000000000000 0
1 3 4 1 3 1 1.00000000000000000000 0
1 3 4 6 3 6 1.00000000000000000000 0
1 3 5 4 3 4 1.00000000000000000000 0
1 3 5 7 3 7 1.00000000000000000000 0
1 3 6 3 3 3 1.00000000000000000000 0
1 3 6 7 3 7 1.00000000000000000000 0
1 3 7 5 3 5 1.00000000000000000000 0
1 3 7 6 3 6 1.00000000000000000000 0
1 4 1 4 4 4 1.00000000000000000000 0
1 4 2 3 4 3 1.00000000000000000000 0
1 4 3 1 4 1 1.00000000000000000000 0
1 4 3 6 4 6 1.00000000000000000000 0
1 4 4 2 4 2 1.00000000000000000000 0
1 4 4 5 4 5 1.00000000000000000000 0
1 4 5 3 4 3 1.00000000000000000000 0
1 4 5 7 4 7 1.00000000000000000000 0
1 4 6 4 4 4 1.00000000000000000000 0
1 4 6 7 4 7 1.00000000000000000000 0
1 4 7 5 4 5 1.00000000000000000000 0
1 4 7 6 4 6 1.00000000000000000000 0
1 5 1 5 5 5 1.00000000000000000000 0
1 5 2 6 5 6 1.00000000000000000000 0
1 5 3 4 5 4 1.00000000000000000000 0
1 5 3 7 5 7 1.00000000000000000000 0
1 5 4 3 5 3 1.00000000000000000000 0
1 5 4 7 5 7 1.00000000000000000000 0
1 5 5 1 5 1 1.00000000000000000000 0
1 5 5 5 5 5 1.00000000000000000000 0
1 5 5 6 5 6 1.00000000000000000000 0
1 5 6 2 5 2 1.00000000000000000000 0
1 5 6 5 5 5 1.00000000000000000000 0
1 5 6 6 5 6 1.00000000000000000000 0
1 5 7 3 5 3 1.00000000000000000000 0
1 5 7 4 5 4 1.00000000000000000000 0
1 5 7 7 5 7 1.00000000000000000000 0
1 6 1 6 6 6 1.00000000000000000000 0
1 6 2 5 6 5 1.00000000000000000000 0
1 6 3 3 6 3 1.00000000000000000000 0
1 6 3 7 6 7 1.00000000000000000000 0
1 6 4 4 6 4 1.00000000000000000000 0
1 6 4 7 6 7 1.00000000000000000000 0
1 6 5 2 6 2 1.00000000000000000000 0
1 6 5 5 6 5 1.00000000000000000000 0
1 6 5 6 6 6 1.00000000000000000000 0
1 6 6 1 6 1 1.00000000000000000000 0
1 6 6 5 6 5 1.00000000000000000000 0
1 6 6 6 6 6 1.00000000000000000000 0
1 6 7 3 6 3 1.00000000000000000000 0
1 6 7 4 6 4 1.00000000000000000000 0
1 6 7 7 6 7 1.00000000000000000000 0
1 7 1 7 7 7 1.00000000000000000000 0
1 7 2 7 7 7 1.00000000000000000000 0
1 7 3 5 7 5 1.00000000000000000000 0
1 7 3 6 7 6 1.00000000000000000000 0
1 7 4 5 7 5 1.00000000000000000000 0
1 7 4 6 7 6 1.00000000000000000000 0
1 7 5 3 7 3 1.00000000000000000000 0
1 7 5 4 7 4 1.00000000000000000000 0
1 7 5 7 7 7 1.00000000000000000000 0
1 7 6 3 7 3 1.00000000000000000000 0
1 7 6 4 7 4 1.00000000000000000000 0
1 7 6 7 7 7 1.00000000000000000000 0
1 7 7 1 7 1 1.00000000000000000000 0
1 7 7 2 7 2 1.00000000000000000000 0
1 7 7 5 7 5 1.00000000000000000000 0
1 7 7 6 7 6 1.00000000000000000000 0
2 1 1 2 2 1 1.00000000000000000000 0
2 1 2 1 2 2 1.00000000000000000000 0
2 1 3 4 2 3 1.00000000000000000000 0
2 1 4 3 2 4 1.00000000000000000000 0
2 1 5 6 2 5 1.00000000000000000000 0
2 1 6 5 2 6 1.00000000000000000000 0
2 1 7 7 2 7 1.00000000000000000000 0
2 2 1 1 1 2 1.00000000000000000000 0
2 2 2 2 1 1 1.00000000000000000000 0
2 2 3 3 1 4 1.00000000000000000000 0
2 2 4 4 1 3 1.00000000000000000000 0
2 2 5 5 1 6 1.00000000000000000000 0
2 2 6 6 1 5 1.00000000000000000000 0
2 2 7 7 1 7 1.00000000000000000000 0
2 3 1 4 4 3 1.00000000000000000000 0
2 3 2 3 4 4 1.00000000000000000000 0
2 3 3 1 4 2 1.00000000000000000000 0
2 3 3 6 4 5 1.00000000000000000000 0
2 3 4 2 4 1 1.00000000000000000000 0
2 3 4 5 4 6 1.00000000000000000000 0
2 3 5 3 4 4 1.00000000000000000000 0
2 3 5 7 4 7 1.00000000000000000000 0
2 3 6 4 4 3 1.00000000000000000000 0
2 3 6 7 4 7 1.00000000000000000000 0
2 3 7 5 4 6 1.00000000000000000000 0
2 3 7 6 4 5 1.00000000000000000000 0
2 4 1 3 3 4 1.00000000000000000000 0
2 4 2 4 3 3 1.00000000000000000000 0
2 4 3 2 3 1 1.00000000000000000000 0
2 4 3 5 3 6 1.00000000000000000000 0
2 4 4 1 3 2 1.00000000000000000000 0
2 4 4 6 3 5 1.00000000000000000000 0
2 4 5 4 3 3 1.00000000000000000000 0
2 4 5 7 3 7 1.00000000000000000000 0
2 4 6 3 3 4 1.00000000000000000000 0
2 4 6 7 3 7 1.00000000000000000000 0
2 4 7 5 3 6 1.00000000000000000000 0
2 4 7 6 3 5 1.00000000000000000000 0
2 5 1 6 6 5 1.00000000000000000000 0
2 5 2 5 6 6 1.00000000000000000000 0
2 5 3 3 6 4 1.00000000000000000000 0
2 5 3 7 6 7 1.00000000000000000000 0
2 5 4 4 6 3 1.00000000000000000000 0
2 5 4 7 6 7 1.00000000000000000000 0
2 5 5 2 6 1 1.00000000000000000000 0
2 5 5 5 6 6 1.00000000000000000000 0
2 5 5 6 6 5 1.00000000000000000000 0
2 5 6 1 6 2 1.00000000000000000000 0
2 5 6 5 6 6 1.00000000000000000000 0
2 5 6 6 6 5 1.00000000000000000000 0
2 5 7 3 6 4 1.00000000000000000000 0
2 5 7 4 6 3 1.00000000000000000000 0
2 5 7 7 6 7 1.00000000000000000000 0
2 6 1 5 5 6 1.00000000000000000000 0
2 6 2 6 5 5 1.00000000000000000000 0
2 6 3 4 5 3 1.00000000000000000000 0
2 6 3 7 5 7 1.00000000000000000000 0
2 6 4 3 5 4 1.00000000000000000000 0
2 6 4 7 5 7 1.00000000000000000000 0
2 6 5 1 5 2 1.00000000000000000000 0
2 6 5 5 5 6 1.00000000000000000000 0
2 6 5 6 5 5 1.00000000000000000000 0
2 6 6 2 5 1 1.00000000000000000000 0
2 6 6 5 5 6 1.00000000000000000000 0
2 6 6 6 5 5 1.00000000000000000000 0
2 6 7 3 5 4 1.00000000000000000000 0
2 6 7 4 5 3 1.00000000000000000000 0
2 6 7 7 5 7 1.00000000000000000000 0
2 7 1 7 7 7 1.00000000000000000000 0
2 7 2 7 7 7 -1.00000000000000000000 0
2 7 3 5 7 6 1.00000000000000000000 0
2 7 3 6 7 5 1.00000000000000000000 0
2 7 4 5 7 6 1.00000000000000000000 0
2 7 4 6 7 5 1.00000000000000000000 0
2 7 5 3 7 4 1.00000000000000000000 0
2 7 5 4 7 3 1.00000000000000000000 0
2 7 5 7 7 7 1.00000000000000000000 0
2 7 6 3 7 4 1.00000000000000000000 0
2 7 6 4 7 3 1.00000000000000000000 0
2 7 6 7 7 7 -1.00000000000000000000 0
2 7 7 1 7 2 1.00000000000000000000 0
2 7 7 2 7 1 1.00000000000000000000 0
2 7 7 5 7 6 1.00000000000000000000 0
2 7 7 6 7 5 1.00000000000000000000 0
3 1 1 3 3 1 1.00000000000000000000 0
3 1 2 4 3 2 1.00000000000000000000 0
3 1 3 2 3 3 1.00000000000000000000 0
3 1 3 5 3 3 1.00000000000000000000 0
3 1 4 1 3 4 1.00000000000000000000 0
3 1 4 6 3 4 1.00000000000000000000 0
3 1 5 4 3 5 1.00000000000000000000 0
3 1 5 7 3 5 1.00000000000000000000 0
3 1 6 3 3 6 1.00000000000000000000 0
3 1 6 7 3 6 1.00000000000000000000 0
3 1 7 5 3 7 1.00000000000000000000 0
3 1 7 6 3 7 1.00000000000000000000 0
3 2 1 4 4 2 1.00000000000000000000 0
3 2 2 3 4 1 -0.70710678118654752440 -0.70710678118654752440
3 2 3 1 4 4 0. 1.00000000000000000000
3 2 3 6 4 4 1.00000000000000000000 0
3 2 4 2 4 3 -0.70710678118654752440 0.70710678118654752440
3 2 4 5 4 3 -0.70710678118654752440 -0.70710678118654752440
3 2 5 3 4 6 0. 1.00000000000000000000
3 2 5 7 4 6 0.70710678118654752440 -0.70710678118654752440
3 2 6 4 4 5 -0.70710678118654752440 0.70710678118654752440
3 2 6 7 4 5 0. -1.00000000000000000000
3 2 7 5 4 7 0.92387953251128675612 -0.38268343236508977172
3 2 7 6 4 7 -0.38268343236508977172 -0.92387953251128675612
3 3 1 2 2 3 1.00000000000000000000 0
3 3 1 5 5 3 1.00000000000000000000 0
3 3 2 1 2 4 0.70710678118654752440 0.70710678118654752440
3 3 2 6 5 4 0. -1.00000000000000000000
3 3 3 4 2 2 -0.50000000000000000000 0.20710678118654752440
3 3 3 4 2 5 -0.77688698701501865367 0.32179712645279131236
3 3 3 4 5 2 -0.77688698701501865367 -0.32179712645279131236
3 3 3 4 5 5 0.50000000000000000000 0.20710678118654752440
3 3 3 7 5 5 0.70710678118654752440 0.70710678118654752440
3 3 4 3 2 1 0.20710678118654752440 0.50000000000000000000
3 3 4 3 2 6 -0.77688698701501865367 -0.32179712645279131236
3 3 4 3 5 1 0.32179712645279131236 0.77688698701501865367
3 3 4 3 5 6 0.50000000000000000000 0.20710678118654752440
3 3 4 7 5 6 0. -1.00000000000000000000
3 3 5 1 5 4 0.70710678118654752440 -0.70710678118654752440
3 3 5 5 5 7 1.00000000000000000000 0
3 3 5 6 2 4 0.45508986056222734130 -0.45508986056222734130
3 3 5 6 2 7 0.76536686473017954345 0
3 3 5 6 5 4 -0.54119610014619698439 0.54119610014619698439
3 3 5 6 5 7 0.64359425290558262473 0
3 3 6 2 5 3 0. 1.00000000000000000000
3 3 6 5 2 3 -0.45508986056222734130 -0.45508986056222734130
3 3 6 5 2 7 -0.29289321881345247559 -0.70710678118654752440
3 3 6 5 5 3 0.76536686473017954345 0
3 3 6 5 5 7 -0.59460355750136053335 -0.24629285775235400967
3 3 6 6 5 7 -0.38268343236508977172 0.92387953251128675612
3 3 7 3 5 6 0. -1.00000000000000000000
3 3 7 4 5 5 0.92387953251128675612 0.38268343236508977172
3 3 7 7 2 5 0.50000000000000000000 -0.50000000000000000000
3 3 7 7 2 6 -0.27059805007309849219 0.65328148243818826392
3 3 7 7 5 5 -0.27059805007309849219 0.65328148243818826392
3 3 7 7 5 6 0. 0.70710678118654752440
3 4 1 1 1 4 1.00000000000000000000 0
3 4 1 6 6 4 1.00000000000000000000 0
3 4 2 2 1 3 0. 1.00000000000000000000
3 4 2 5 6 3 -0.70710678118654752440 0.70710678118654752440
3 4 3 3 1 1 0.20710678118654752440 -0.50000000000000000000
3 4 3 3 1 6 -0.77688698701501865367 0.32179712645279131236
3 4 3 3 6 1 0.32179712645279131236 0.77688698701501865367
3 4 3 3 6 6 -0.20710678118654752440 0.50000000000000000000
3 4 3 7 6 6 1.00000000000000000000 0
3 4 4 4 1 2 0.50000000000000000000 -0.20710678118654752440
3 4 4 4 1 5 -0.32179712645279131236 -0.77688698701501865367
3 4 4 4 6 2 0.32179712645279131236 0.77688698701501865367
3 4 4 4 6 5 -0.50000000000000000000 0.20710678118654752440
3 4 4 7 6 5 -1.00000000000000000000 0
3 4 5 2 6 3 0. 1.00000000000000000000
3 4 5 5 1 3 0. 0.64359425290558262473
3 4 5 5 1 7 -0.29289321881345247559 -0.70710678118654752440
3 4 5 5 6 3 0.76536686473017954345 0
3 4 5 5 6 7 0.59460355750136053335 -0.24629285775235400967
3 4 5 6 6 7 -0.38268343236508977172 -0.92387953251128675612
3 4 6 1 6 4 -1.00000000000000000000 0
3 4 6 5 6 7 0. 1.00000000000000000000
3 4 6 6 1 4 -0.45508986056222734130 0.45508986056222734130
3 4 6 6 1 7 0.54119610014619698439 0.54119610014619698439
3 4 6 6 6 4 0.76536686473017954345 0
3 4 6 6 6 7 0. 0.64359425290558262473
3 4 7 3 6 6 -0.38268343236508977172 0.92387953251128675612
3 4 7 4 6 5 0.70710678118654752440 0.70710678118654752440
3 4 7 7 1 5 0.27059805007309849219 -0.65328148243818826392
3 4 7 7 1 6 -0.70710678118654752440 0
3 4 7 7 6 5 0.70710678118654752440 0
3 4 7 7 6 6 0.27059805007309849219 0.65328148243818826392
3 5 1 4 4 5 1.00000000000000000000 0
3 5 1 7 7 5 1.00000000000000000000 0
3 5 2 3 4 6 -0.70710678118654752440 0.70710678118654752440
3 5 2 7 7 6 -0.70710678118654752440 -0.70710678118654752440
3 5 3 1 4 4 0.70710678118654752440 0.70710678118654752440
3 5 3 5 7 7 0. -1.00000000000000000000
3 5 3 6 4 4 -0.29289321881345247559 0.29289321881345247559
3 5 3 6 4 7 -0.84089641525371454303 0.34831069974900652368
3 5 3 6 7 4 -0.34831069974900652368 0.84089641525371454303
3 5 3 6 7 7 0.29289321881345247559 -0.29289321881345247559
3 5 4 2 4 3 -0.70710678118654752440 0.70710678118654752440
3 5 4 5 4 3 0.29289321881345247559 0.29289321881345247559
3 5 4 5 4 7 -0.91017972112445468260 0
3 5 4 5 7 3 -0.34831069974900652368 -0.84089641525371454303
3 5 4 5 7 7 -0.38268343236508977172 -0.15851266778110721267
3 5 4 6 7 7 -0.38268343236508977172 -0.92387953251128675612
3 5 5 3 4 1 0.45508986056222734130 -0.45508986056222734130
3 5 5 3 4 6 0. -0.76536686473017954345
3 5 5 3 7 1 0. -0.76536686473017954345
3 5 5 3 7 6 0.45508986056222734130 0.45508986056222734130
3 5 5 4 7 5 -0.38268343236508977172 0.92387953251128675612
3 5 5 7 4 5 -0.77688698701501865367 0.32179712645279131236
3 5 5 7 4 6 0.38268343236508977172 -0.38268343236508977172
3 5 5 7 7 5 -0.50000000000000000000 -0.20710678118654752440
3 5 5 7 7 6 -0.84089641525371454303 0
3 5 6 3 7 6 -0.38268343236508977172 0.92387953251128675612
3 5 6 4 4 2 0. -0.64359425290558262473
3 5 6 4 4 5 0.76536686473017954345 0
3 5 6 4 7 2 0.76536686473017954345 0
3 5 6 4 7 5 0. -0.64359425290558262473
3 5 6 7 4 5 0.38268343236508977172 -0.38268343236508977172
3 5 6 7 4 6 -0.77688698701501865367 -0.32179712645279131236
3 5 6 7 7 5 0.84089641525371454303 0
3 5 6 7 7 6 0.20710678118654752440 0.50000000000000000000
3 5 7 1 7 4 -0.38268343236508977172 -0.92387953251128675612
3 5 7 2 7 3 -0.70710678118654752440 -0.70710678118654752440
3 5 7 5 4 3 -0.70710678118654752440 0.29289321881345247559
3 5 7 5 4 7 0.64359425290558262473 0
3 5 7 5 7 3 0.24629285775235400967 -0.59460355750136053335
3 5 7 5 7 7 0.54119610014619698439 -0.54119610014619698439
3 5 7 6 4 4 -0.54119610014619698439 0.54119610014619698439
3 5 7 6 4 7 0. 0.64359425290558262473
3 5 7 6 7 4 0.45508986056222734130 0.45508986056222734130
3 5 7 6 7 7 -0.76536686473017954345 0
3 6 1 3 3 6 1.00000000000000000000 0
3 6 1 7 7 6 1.00000000000000000000 0
3 6 2 4 3 5 -1.00000000000000000000 0
3 6 2 7 7 5 1.00000000000000000000 0
3 6 3 2 3 3 0. 1.00000000000000000000
3 6 3 5 3 3 0. -0.41421356237309504880
3 6 3 5 3 7 0.64359425290558262473 0.64359425290558262473
3 6 3 5 7 3 0.84089641525371454303 0.34831069974900652368
3 6 3 5 7 7 0.38268343236508977172 -0.15851266778110721267
3 6 3 6 7 7 -0.92387953251128675612 -0.38268343236508977172
3 6 4 1 3 4 -0.70710678118654752440 0.70710678118654752440
3 6 4 5 7 7 0. -1.00000000000000000000
3 6 4 6 3 4 0.29289321881345247559 -0.29289321881345247559
3 6 4 6 3 7 0.84089641525371454303 -0.34831069974900652368
3 6 4 6 7 4 0.34831069974900652368 -0.84089641525371454303
3 6 4 6 7 7 -0.29289321881345247559 0.29289321881345247559
3 6 5 3 7 6 -0.38268343236508977172 -0.92387953251128675612
3 6 5 4 3 2 -0.45508986056222734130 -0.45508986056222734130
3 6 5 4 3 5 0.54119610014619698439 -0.54119610014619698439
3 6 5 4 7 2 0.54119610014619698439 -0.54119610014619698439
3 6 5 4 7 5 -0.45508986056222734130 -0.45508986056222734130
3 6 5 7 3 5 -0.38268343236508977172 0.38268343236508977172
3 6 5 7 3 6 0.77688698701501865367 0.32179712645279131236
3 6 5 7 7 5 -0.59460355750136053335 0.59460355750136053335
3 6 5 7 7 6 -0.50000000000000000000 -0.20710678118654752440
3 6 6 3 3 1 0.45508986056222734130 0.45508986056222734130
3 6 6 3 3 6 0.76536686473017954345 0
3 6 6 3 7 1 0. -0.76536686473017954345
3 6 6 3 7 6 0.45508986056222734130 0.45508986056222734130
3 6 6 4 7 5 0.38268343236508977172 -0.92387953251128675612
3 6 6 7 3 5 0.77688698701501865367 0.32179712645279131236
3 6 6 7 3 6 -0.54119610014619698439 0
3 6 6 7 7 5 -0.50000000000000000000 -0.20710678118654752440
3 6 6 7 7 6 -0.84089641525371454303 0
3 6 7 1 7 4 1.00000000000000000000 0
3 6 7 2 7 3 0.38268343236508977172 0.92387953251128675612
3 6 7 5 3 3 0. -0.76536686473017954345
3 6 7 5 3 7 0.59460355750136053335 -0.24629285775235400967
3 6 7 5 7 3 0.45508986056222734130 -0.45508986056222734130
3 6 7 5 7 7 -0.70710678118654752440 -0.29289321881345247559
3 6 7 6 3 4 0.29289321881345247559 0.70710678118654752440
3 6 7 6 3 7 -0.59460355750136053335 0.24629285775235400967
3 6 7 6 7 4 0.59460355750136053335 -0.24629285775235400967
3 6 7 6 7 7 -0.29289321881345247559 -0.70710678118654752440
3 7 1 5 5 7 1.00000000000000000000 0
3 7 1 6 6 7 1.00000000000000000000 0
3 7 2 5 6 7 0.92387953251128675612 0.38268343236508977172
3 7 2 6 5 7 -0.38268343236508977172 0.92387953251128675612
3 7 3 3 6 6 0. 1.00000000000000000000
3 7 3 4 5 5 -0.38268343236508977172 -0.92387953251128675612
3 7 3 7 5 5 0. 0.38268343236508977172
3 7 3 7 5 6 0.85355339059327376220 0.35355339059327376220
3 7 3 7 6 5 0.65328148243818826392 0.65328148243818826392
3 7 3 7 6 6 -0.35355339059327376220 0.14644660940672623779
3 7 4 3 5 6 0.92387953251128675612 0.38268343236508977172
3 7 4 4 6 5 0. -1.00000000000000000000
3 7 4 7 5 5 -0.85355339059327376220 0.35355339059327376220
3 7 4 7 5 6 0. 0.38268343236508977172
3 7 4 7 6 5 -0.14644660940672623779 0.35355339059327376220
3 7 4 7 6 6 -0.65328148243818826392 -0.65328148243818826392
3 7 5 1 5 4 -0.92387953251128675612 -0.38268343236508977172
3 7 5 2 6 3 0. 1.00000000000000000000
3 7 5 5 5 3 0. 0.84089641525371454303
3 7 5 5 5 7 -0.50000000000000000000 0.20710678118654752440
3 7 5 5 6 3 -0.54119610014619698439 0
3 7 5 5 6 7 0.32179712645279131236 0.77688698701501865367
3 7 5 6 5 4 -0.50000000000000000000 -0.20710678118654752440
3 7 5 6 5 7 0.77688698701501865367 -0.32179712645279131236
3 7 5 6 6 4 -0.77688698701501865367 -0.32179712645279131236
3 7 5 6 6 7 -0.50000000000000000000 0.20710678118654752440
3 7 6 1 6 4 0.70710678118654752440 0.70710678118654752440
3 7 6 2 5 3 -0.92387953251128675612 -0.38268343236508977172
3 7 6 5 5 3 0.20710678118654752440 -0.50000000000000000000
3 7 6 5 5 7 -0.84089641525371454303 0
3 7 6 5 6 3 -0.32179712645279131236 0.77688698701501865367
3 7 6 5 6 7 -0.54119610014619698439 0
3 7 6 6 5 4 -0.59460355750136053335 0.59460355750136053335
3 7 6 6 5 7 0. -0.54119610014619698439
3 7 6 6 6 4 0.38268343236508977172 0.38268343236508977172
3 7 6 6 6 7 0.84089641525371454303 0
3 7 7 3 5 1 -0.70710678118654752440 0
3 7 7 3 5 6 0.65328148243818826392 -0.27059805007309849219
3 7 7 3 6 1 -0.70710678118654752440 0
3 7 7 3 6 6 -0.65328148243818826392 0.27059805007309849219
3 7 7 4 5 2 -0.65328148243818826392 -0.27059805007309849219
3 7 7 4 5 5 0.50000000000000000000 -0.50000000000000000000
3 7 7 4 6 2 0.27059805007309849219 -0.65328148243818826392
3 7 7 4 6 5 -0.50000000000000000000 -0.50000000000000000000
3 7 7 7 5 5 -0.50000000000000000000 -0.50000000000000000000
3 7 7 7 5 6 0.65328148243818826392 -0.27059805007309849219
3 7 7 7 6 5 0.70710678118654752440 0
3 7 7 7 6 6 0.27059805007309849219 -0.65328148243818826392
4 1 1 4 4 1 1.00000000000000000000 0
4 1 2 3 4 2 1.00000000000000000000 0
4 1 3 1 4 3 1.00000000000000000000 0
4 1 3 6 4 3 1.00000000000000000000 0
4 1 4 2 4 4 1.00000000000000000000 0
4 1 4 5 4 4 1.00000000000000000000 0
4 1 5 3 4 5 1.00000000000000000000 0
4 1 5 7 4 5 1.00000000000000000000 0
4 1 6 4 4 6 1.00000000000000000000 0
4 1 6 7 4 6 1.00000000000000000000 0
4 1 7 5 4 7 1.00000000000000000000 0
4 1 7 6 4 7 1.00000000000000000000 0
4 2 1 3 3 2 1.00000000000000000000 0
4 2 2 4 3 1 -0.70710678118654752440 -0.70710678118654752440
4 2 3 2 3 4 0. 1.00000000000000000000
4 2 3 5 3 4 1.00000000000000000000 0
4 2 4 1 3 3 -0.70710678118654752440 0.70710678118654752440
4 2 4 6 3 3 -0.70710678118654752440 -0.70710678118654752440
4 2 5 4 3 6 0. 1.00000000000000000000
4 2 5 7 3 6 0.70710678118654752440 -0.70710678118654752440
4 2 6 3 3 5 -0.70710678118654752440 0.70710678118654752440
4 2 6 7 3 5 0. -1.00000000000000000000
4 2 7 5 3 7 -0.38268343236508977172 -0.92387953251128675612
4 2 7 6 3 7 0.92387953251128675612 -0.38268343236508977172
4 3 1 1 1 3 1.00000000000000000000 0
4 3 1 6 6 3 1.00000000000000000000 0
4 3 2 2 1 4 0.70710678118654752440 0.70710678118654752440
4 3 2 5 6 4 0. -1.00000000000000000000
4 3 3 3 1 2 -0.50000000000000000000 0.20710678118654752440
4 3 3 3 1 5 -0.77688698701501865367 0.32179712645279131236
4 3 3 3 6 2 -0.77688698701501865367 -0.32179712645279131236
4 3 3 3 6 5 0.50000000000000000000 0.20710678118654752440
4 3 3 7 6 5 0.70710678118654752440 0.70710678118654752440
4 3 4 4 1 1 0.20710678118654752440 0.50000000000000000000
4 3 4 4 1 6 -0.77688698701501865367 -0.32179712645279131236
4 3 4 4 6 1 0.32179712645279131236 0.77688698701501865367
4 3 4 4 6 6 0.50000000000000000000 0.20710678118654752440
4 3 4 7 6 6 0. -1.00000000000000000000
4 3 5 2 6 4 0.70710678118654752440 -0.70710678118654752440
4 3 5 5 1 4 0.45508986056222734130 -0.45508986056222734130
4 3 5 5 1 7 0.76536686473017954345 0
4 3 5 5 6 4 -0.54119610014619698439 0.54119610014619698439
4 3 5 5 6 7 0.64359425290558262473 0
4 3 5 6 6 7 1.00000000000000000000 0
4 3 6 1 6 3 0. 1.00000000000000000000
4 3 6 5 6 7 -0.38268343236508977172 0.92387953251128675612
4 3 6 6 1 3 -0.45508986056222734130 -0.45508986056222734130
4 3 6 6 1 7 -0.29289321881345247559 -0.70710678118654752440
4 3 6 6 6 3 0.76536686473017954345 0
4 3 6 6 6 7 -0.59460355750136053335 -0.24629285775235400967
4 3 7 3 6 5 0.92387953251128675612 0.38268343236508977172
4 3 7 4 6 6 0. -1.00000000000000000000
4 3 7 7 1 5 0.50000000000000000000 -0.50000000000000000000
4 3 7 7 1 6 -0.27059805007309849219 0.65328148243818826392
4 3 7 7 6 5 -0.27059805007309849219 0.65328148243818826392
4 3 7 7 6 6 0. 0.70710678118654752440
4 4 1 2 2 4 1.00000000000000000000 0
4 4 1 5 5 4 1.00000000000000000000 0
4 4 2 1 2 3 0. 1.00000000000000000000
4 4 2 6 5 3 -0.70710678118654752440 0.70710678118654752440
4 4 3 4 2 1 0.20710678118654752440 -0.50000000000000000000
4 4 3 4 2 6 -0.77688698701501865367 0.32179712645279131236
4 4 3 4 5 1 0.32179712645279131236 0.77688698701501865367
4 4 3 4 5 6 -0.20710678118654752440 0.50000000000000000000
4 4 3 7 5 6 1.00000000000000000000 0
4 4 4 3 2 2 0.50000000000000000000 -0.20710678118654752440
4 4 4 3 2 5 -0.32179712645279131236 -0.77688698701501865367
4 4 4 3 5 2 0.32179712645279131236 0.77688698701501865367
4 4 4 3 5 5 -0.50000000000000000000 0.20710678118654752440
4 4 4 7 5 5 -1.00000000000000000000 0
4 4 5 1 5 3 0. 1.00000000000000000000
4 4 5 5 5 7 -0.38268343236508977172 -0.92387953251128675612
4 4 5 6 2 3 0. 0.64359425290558262473
4 4 5 6 2 7 -0.29289321881345247559 -0.70710678118654752440
4 4 5 6 5 3 0.76536686473017954345 0
4 4 5 6 5 7 0.59460355750136053335 -0.24629285775235400967
4 4 6 2 5 4 -1.00000000000000000000 0
4 4 6 5 2 4 -0.45508986056222734130 0.45508986056222734130
4 4 6 5 2 7 0.54119610014619698439 0.54119610014619698439
4 4 6 5 5 4 0.76536686473017954345 0
4 4 6 5 5 7 0. 0.64359425290558262473
4 4 6 6 5 7 0. 1.00000000000000000000
4 4 7 3 5 5 0.70710678118654752440 0.70710678118654752440
4 4 7 4 5 6 -0.38268343236508977172 0.92387953251128675612
4 4 7 7 2 5 0.27059805007309849219 -0.65328148243818826392
4 4 7 7 2 6 -0.70710678118654752440 0
4 4 7 7 5 5 0.70710678118654752440 0
4 4 7 7 5 6 0.27059805007309849219 0.65328148243818826392
4 5 1 3 3 5 1.00000000000000000000 0
4 5 1 7 7 5 1.00000000000000000000 0
4 5 2 4 3 6 -0.70710678118654752440 0.70710678118654752440
4 5 2 7 7 6 0.70710678118654752440 0.70710678118654752440
4 5 3 2 3 4 0.70710678118654752440 0.70710678118654752440
4 5 3 5 3 4 -0.29289321881345247559 0.29289321881345247559
4 5 3 5 3 7 -0.84089641525371454303 0.34831069974900652368
4 5 3 5 7 4 -0.34831069974900652368 0.84089641525371454303
4 5 3 5 7 7 0.29289321881345247559 -0.29289321881345247559
4 5 3 6 7 7 0. -1.00000000000000000000
4 5 4 1 3 3 -0.70710678118654752440 0.70710678118654752440
4 5 4 5 7 7 -0.38268343236508977172 -0.92387953251128675612
4 5 4 6 3 3 0.29289321881345247559 0.29289321881345247559
4 5 4 6 3 7 -0.91017972112445468260 0
4 5 4 6 7 3 -0.34831069974900652368 -0.84089641525371454303
4 5 4 6 7 7 -0.38268343236508977172 -0.15851266778110721267
4 5 5 3 7 5 -0.38268343236508977172 0.92387953251128675612
4 5 5 4 3 1 0.45508986056222734130 -0.45508986056222734130
4 5 5 4 3 6 0. -0.76536686473017954345
4 5 5 4 7 1 0. -0.76536686473017954345
4 5 5 4 7 6 0.45508986056222734130 0.45508986056222734130
4 5 5 7 3 5 -0.77688698701501865367 0.32179712645279131236
4 5 5 7 3 6 0.38268343236508977172 -0.38268343236508977172
4 5 5 7 7 5 -0.50000000000000000000 -0.20710678118654752440
4 5 5 7 7 6 -0.84089641525371454303 0
4 5 6 3 3 2 0. -0.64359425290558262473
4 5 6 3 3 5 0.76536686473017954345 0
4 5 6 3 7 2 0.76536686473017954345 0
4 5 6 3 7 5 0. -0.64359425290558262473
4 5 6 4 7 6 -0.38268343236508977172 0.92387953251128675612
4 5 6 7 3 5 0.38268343236508977172 -0.38268343236508977172
4 5 6 7 3 6 -0.77688698701501865367 -0.32179712645279131236
4 5 6 7 7 5 -0.84089641525371454303 0
4 5 6 7 7 6 -0.20710678118654752440 -0.50000000000000000000
4 5 7 1 7 3 -0.70710678118654752440 -0.70710678118654752440
4 5 7 2 7 4 -0.38268343236508977172 -0.92387953251128675612
4 5 7 5 3 4 -0.54119610014619698439 0.54119610014619698439
4 5 7 5 3 7 0. 0.64359425290558262473
4 5 7 5 7 4 0.45508986056222734130 0.45508986056222734130
4 5 7 5 7 7 -0.76536686473017954345 0
4 5 7 6 3 3 -0.70710678118654752440 0.29289321881345247559
4 5 7 6 3 7 0.64359425290558262473 0
4 5 7 6 7 3 0.24629285775235400967 -0.59460355750136053335
4 5 7 6 7 7 0.54119610014619698439 -0.54119610014619698439
4 6 1 4 4 6 1.00000000000000000000 0
4 6 1 7 7 6 1.00000000000000000000 0
4 6 2 3 4 5 -1.00000000000000000000 0
4 6 2 7 7 5 -1.00000000000000000000 0
4 6 3 1 4 3 0. 1.00000000000000000000
4 6 3 5 7 7 -0.92387953251128675612 -0.38268343236508977172
4 6 3 6 4 3 0. -0.41421356237309504880
4 6 3 6 4 7 0.64359425290558262473 0.64359425290558262473
4 6 3 6 7 3 0.84089641525371454303 0.34831069974900652368
4 6 3 6 7 7 0.38268343236508977172 -0.15851266778110721267
4 6 4 2 4 4 -0.70710678118654752440 0.70710678118654752440
4 6 4 5 4 4 0.29289321881345247559 -0.29289321881345247559
4 6 4 5 4 7 0.84089641525371454303 -0.34831069974900652368
4 6 4 5 7 4 0.34831069974900652368 -0.84089641525371454303
4 6 4 5 7 7 -0.29289321881345247559 0.29289321881345247559
4 6 4 6 7 7 0. -1.00000000000000000000
4 6 5 3 4 2 -0.45508986056222734130 -0.45508986056222734130
4 6 5 3 4 5 0.54119610014619698439 -0.54119610014619698439
4 6 5 3 7 2 0.54119610014619698439 -0.54119610014619698439
4 6 5 3 7 5 -0.45508986056222734130 -0.45508986056222734130
4 6 5 4 7 6 -0.38268343236508977172 -0.92387953251128675612
4 6 5 7 4 5 -0.38268343236508977172 0.38268343236508977172
4 6 5 7 4 6 0.77688698701501865367 0.32179712645279131236
4 6 5 7 7 5 -0.59460355750136053335 0.59460355750136053335
4 6 5 7 7 6 -0.50000000000000000000 -0.20710678118654752440
4 6 6 3 7 5 0.38268343236508977172 -0.92387953251128675612
4 6 6 4 4 1 0.45508986056222734130 0.45508986056222734130
4 6 6 4 4 6 0.76536686473017954345 0
4 6 6 4 7 1 0. -0.76536686473017954345
4 6 6 4 7 6 0.45508986056222734130 0.45508986056222734130
4 6 6 7 4 5 0.77688698701501865367 0.32179712645279131236
4 6 6 7 4 6 -0.54119610014619698439 0
4 6 6 7 7 5 0.50000000000000000000 0.20710678118654752440
4 6 6 7 7 6 0.84089641525371454303 0
4 6 7 1 7 3 0.38268343236508977172 0.92387953251128675612
4 6 7 2 7 4 1.00000000000000000000 0
4 6 7 5 4 4 0.29289321881345247559 0.70710678118654752440
4 6 7 5 4 7 -0.59460355750136053335 0.24629285775235400967
4 6 7 5 7 4 0.59460355750136053335 -0.24629285775235400967
4 6 7 5 7 7 -0.29289321881345247559 -0.70710678118654752440
4 6 7 6 4 3 0. -0.76536686473017954345
4 6 7 6 4 7 0.59460355750136053335 -0.24629285775235400967
4 6 7 6 7 3 0.45508986056222734130 -0.45508986056222734130
4 6 7 6 7 7 -0.70710678118654752440 -0.29289321881345247559
4 7 1 5 5 7 1.00000000000000000000 0
4 7 1 6 6 7 1.00000000000000000000 0
4 7 2 5 6 7 -0.38268343236508977172 0.92387953251128675612
4 7 2 6 5 7 0.92387953251128675612 0.38268343236508977172
4 7 3 3 6 5 -0.38268343236508977172 -0.92387953251128675612
4 7 3 4 5 6 0. 1.00000000000000000000
4 7 3 7 5 5 0.65328148243818826392 0.65328148243818826392
4 7 3 7 5 6 -0.35355339059327376220 0.14644660940672623779
4 7 3 7 6 5 0. 0.38268343236508977172
4 7 3 7 6 6 0.85355339059327376220 0.35355339059327376220
4 7 4 3 5 5 0. -1.00000000000000000000
4 7 4 4 6 6 0.92387953251128675612 0.38268343236508977172
4 7 4 7 5 5 -0.14644660940672623779 0.35355339059327376220
4 7 4 7 5 6 -0.65328148243818826392 -0.65328148243818826392
4 7 4 7 6 5 -0.85355339059327376220 0.35355339059327376220
4 7 4 7 6 6 0. 0.38268343236508977172
4 7 5 1 5 3 0. 1.00000000000000000000
4 7 5 2 6 4 -0.92387953251128675612 -0.38268343236508977172
4 7 5 5 5 4 -0.77688698701501865367 -0.32179712645279131236
4 7 5 5 5 7 -0.50000000000000000000 0.20710678118654752440
4 7 5 5 6 4 -0.50000000000000000000 -0.20710678118654752440
4 7 5 5 6 7 0.77688698701501865367 -0.32179712645279131236
4 7 5 6 5 3 -0.54119610014619698439 0
4 7 5 6 5 7 0.32179712645279131236 0.77688698701501865367
4 7 5 6 6 3 0. 0.84089641525371454303
4 7 5 6 6 7 -0.50000000000000000000 0.20710678118654752440
4 7 6 1 6 3 -0.92387953251128675612 -0.38268343236508977172
4 7 6 2 5 4 0.70710678118654752440 0.70710678118654752440
4 7 6 5 5 4 0.38268343236508977172 0.38268343236508977172
4 7 6 5 5 7 0.84089641525371454303 0
4 7 6 5 6 4 -0.59460355750136053335 0.59460355750136053335
4 7 6 5 6 7 0. -0.54119610014619698439
4 7 6 6 5 3 -0.32179712645279131236 0.77688698701501865367
4 7 6 6 5 7 -0.54119610014619698439 0
4 7 6 6 6 3 0.20710678118654752440 -0.50000000000000000000
4 7 6 6 6 7 -0.84089641525371454303 0
4 7 7 3 5 2 0.27059805007309849219 -0.65328148243818826392
4 7 7 3 5 5 -0.50000000000000000000 -0.50000000000000000000
4 7 7 3 6 2 -0.65328148243818826392 -0.27059805007309849219
4 7 7 3 6 5 0.50000000000000000000 -0.50000000000000000000
4 7 7 4 5 1 -0.70710678118654752440 0
4 7 7 4 5 6 -0.65328148243818826392 0.27059805007309849219
4 7 7 4 6 1 -0.70710678118654752440 0
4 7 7 4 6 6 0.65328148243818826392 -0.27059805007309849219
4 7 7 7 5 5 0.70710678118654752440 0
4 7 7 7 5 6 0.27059805007309849219 -0.65328148243818826392
4 7 7 7 6 5 -0.50000000000000000000 -0.50000000000000000000
4 7 7 7 6 6 0.65328148243818826392 -0.27059805007309849219
5 1 1 5 5 1 1.00000000000000000000 0
5 1 2 6 5 2 1.00000000000000000000 0
5 1 3 4 5 3 1.00000000000000000000 0
5 1 3 7 5 3 1.00000000000000000000 0
5 1 4 3 5 4 1.00000000000000000000 0
5 1 4 7 5 4 1.00000000000000000000 0
5 1 5 1 5 5 1.00000000000000000000 0
5 1 5 5 5 5 1.00000000000000000000 0
5 1 5 6 5 5 1.00000000000000000000 0
5 1 6 2 5 6 1.00000000000000000000 0
5 1 6 5 5 6 1.00000000000000000000 0
5 1 6 6 5 6 1.00000000000000000000 0
5 1 7 3 5 7 1.00000000000000000000 0
5 1 7 4 5 7 1.00000000000000000000 0
5 1 7 7 5 7 1.00000000000000000000 0
5 2 1 6 6 2 1.00000000000000000000 0
5 2 2 5 6 1 0. -1.00000000000000000000
5 2 3 3 6 4 1.00000000000000000000 0
5 2 3 7 6 4 1.00000000000000000000 0
5 2 4 4 6 3 0. -1.00000000000000000000
5 2 4 7 6 3 0. -1.00000000000000000000
5 2 5 2 6 6 1.00000000000000000000 0
5 2 5 5 6 6 1.00000000000000000000 0
5 2 5 6 6 6 1.00000000000000000000 0
5 2 6 1 6 5 0. -1.00000000000000000000
5 2 6 5 6 5 0. -1.00000000000000000000
5 2 6 6 6 5 0. -1.00000000000000000000
5 2 7 3 6 7 1.00000000000000000000 0
5 2 7 4 6 7 0. -1.00000000000000000000
5 2 7 7 6 7 -0.70710678118654752440 0.70710678118654752440
5 3 1 4 4 3 1.00000000000000000000 0
5 3 1 7 7 3 1.00000000000000000000 0
5 3 2 3 4 4 0.70710678118654752440 0.70710678118654752440
5 3 2 7 7 4 0. -1.00000000000000000000
5 3 3 1 4 5 -0.70710678118654752440 0.70710678118654752440
5 3 3 5 7 5 1.00000000000000000000 0
5 3 3 6 4 2 0. 0.64359425290558262473
5 3 3 6 4 5 -0.54119610014619698439 -0.54119610014619698439
5 3 3 6 7 2 0. 0.76536686473017954345
5 3 3 6 7 5 0.45508986056222734130 0.45508986056222734130
5 3 4 2 4 6 0. 1.00000000000000000000
5 3 4 5 4 1 -0.45508986056222734130 0.45508986056222734130
5 3 4 5 4 6 0. -0.76536686473017954345
5 3 4 5 7 1 0.76536686473017954345 0
5 3 4 5 7 6 0.45508986056222734130 -0.45508986056222734130
5 3 4 6 7 6 0. 1.00000000000000000000
5 3 5 3 4 4 -0.29289321881345247559 -0.29289321881345247559
5 3 5 3 4 7 0.84089641525371454303 0.34831069974900652368
5 3 5 3 7 4 -0.84089641525371454303 -0.34831069974900652368
5 3 5 3 7 7 -0.41421356237309504880 0
5 3 5 4 7 7 -0.70710678118654752440 0.70710678118654752440
5 3 5 7 4 4 -0.70710678118654752440 -0.29289321881345247559
5 3 5 7 4 7 0.24629285775235400967 0.59460355750136053335
5 3 5 7 7 4 0. 0.64359425290558262473
5 3 5 7 7 7 -0.54119610014619698439 0.54119610014619698439
5 3 6 3 7 7 1.00000000000000000000 0
5 3 6 4 4 3 -0.41421356237309504880 0
5 3 6 4 4 7 -0.84089641525371454303 -0.34831069974900652368
5 3 6 4 7 3 0.34831069974900652368 -0.84089641525371454303
5 3 6 4 7 7 -0.29289321881345247559 0.29289321881345247559
5 3 6 7 4 3 0.29289321881345247559 -0.70710678118654752440
5 3 6 7 4 7 -0.24629285775235400967 -0.59460355750136053335
5 3 6 7 7 3 0.64359425290558262473 0
5 3 6 7 7 7 -0.54119610014619698439 0.54119610014619698439
5 3 7 1 7 5 1.00000000000000000000 0
5 3 7 2 7 6 0. 1.00000000000000000000
5 3 7 5 4 5 -0.59460355750136053335 0.59460355750136053335
5 3 7 5 4 6 0. 0.54119610014619698439
5 3 7 5 7 5 -0.20710678118654752440 0.50000000000000000000
5 3 7 5 7 6 -0.32179712645279131236 -0.77688698701501865367
5 3 7 6 4 5 0.38268343236508977172 0.38268343236508977172
5 3 7 6 4 6 0. 0.84089641525371454303
5 3 7 6 7 5 0.77688698701501865367 -0.32179712645279131236
5 3 7 6 7 6 -0.50000000000000000000 -0.20710678118654752440
5 4 1 3 3 4 1.00000000000000000000 0
5 4 1 7 7 4 1.00000000000000000000 0
5 4 2 4 3 3 0.70710678118654752440 -0.70710678118654752440
5 4 2 7 7 3 1.00000000000000000000 0
5 4 3 2 3 6 -0.70710678118654752440 0.70710678118654752440
5 4 3 5 3 1 0.64359425290558262473 0
5 4 3 5 3 6 -0.54119610014619698439 -0.54119610014619698439
5 4 3 5 7 1 0.76536686473017954345 0
5 4 3 5 7 6 0.45508986056222734130 0.45508986056222734130
5 4 3 6 7 6 1.00000000000000000000 0
5 4 4 1 3 5 1.00000000000000000000 0
5 4 4 5 7 5 1.00000000000000000000 0
5 4 4 6 3 2 -0.45508986056222734130 0.45508986056222734130
5 4 4 6 3 5 -0.76536686473017954345 0
5 4 4 6 7 2 0.76536686473017954345 0
5 4 4 6 7 5 -0.45508986056222734130 -0.45508986056222734130
5 4 5 3 7 7 -0.70710678118654752440 0.70710678118654752440
5 4 5 4 3 3 -0.29289321881345247559 0.29289321881345247559
5 4 5 4 3 7 0.34831069974900652368 -0.84089641525371454303
5 4 5 4 7 3 -0.34831069974900652368 0.84089641525371454303
5 4 5 4 7 7 0. 0.41421356237309504880
5 4 5 7 3 3 -0.29289321881345247559 0.70710678118654752440
5 4 5 7 3 7 -0.59460355750136053335 -0.24629285775235400967
5 4 5 7 7 3 0.64359425290558262473 0
5 4 5 7 7 7 0. -0.76536686473017954345
5 4 6 3 3 4 -0.41421356237309504880 0
5 4 6 3 3 7 -0.84089641525371454303 -0.34831069974900652368
5 4 6 3 7 4 0.34831069974900652368 -0.84089641525371454303
5 4 6 3 7 7 -0.29289321881345247559 0.29289321881345247559
5 4 6 4 7 7 0. -1.00000000000000000000
5 4 6 7 3 4 0.29289321881345247559 -0.70710678118654752440
5 4 6 7 3 7 0.59460355750136053335 0.24629285775235400967
5 4 6 7 7 4 -0.64359425290558262473 0
5 4 6 7 7 7 0. 0.76536686473017954345
5 4 7 1 7 5 1.00000000000000000000 0
5 4 7 2 7 6 1.00000000000000000000 0
5 4 7 5 3 5 0.84089641525371454303 0
5 4 7 5 3 6 0.38268343236508977172 0.38268343236508977172
5 4 7 5 7 5 -0.20710678118654752440 0.50000000000000000000
5 4 7 5 7 6 0.77688698701501865367 -0.32179712645279131236
5 4 7 6 3 5 0.54119610014619698439 0
5 4 7 6 3 6 -0.59460355750136053335 0.59460355750136053335
5 4 7 6 7 5 -0.77688698701501865367 0.32179712645279131236
5 4 7 6 7 6 -0.20710678118654752440 0.50000000000000000000
5 5 1 1 1 5 1.00000000000000000000 0
5 5 1 5 5 5 1.00000000000000000000 0
5 5 1 6 6 5 1.00000000000000000000 0
5 5 2 2 1 6 0. 1.00000000000000000000
5 5 2 5 6 6 0.70710678118654752440 0.70710678118654752440
5 5 2 6 5 6 -0.70710678118654752440 -0.70710678118654752440
5 5 3 3 1 4 -0.45508986056222734130 -0.45508986056222734130
5 5 3 3 1 7 0.76536686473017954345 0
5 5 3 3 6 4 -0.76536686473017954345 0
5 5 3 3 6 7 -0.45508986056222734130 0.45508986056222734130
5 5 3 4 5 7 -0.70710678118654752440 0.70710678118654752440
5 5 3 7 5 4 -0.59460355750136053335 -0.59460355750136053335
5 5 3 7 5 7 -0.20710678118654752440 -0.50000000000000000000
5 5 3 7 6 4 0.54119610014619698439 0
5 5 3 7 6 7 -0.77688698701501865367 -0.32179712645279131236
5 5 4 3 5 7 1.00000000000000000000 0
5 5 4 4 1 3 -0.45508986056222734130 -0.45508986056222734130
5 5 4 4 1 7 0.76536686473017954345 0
5 5 4 4 6 3 -0.54119610014619698439 0.54119610014619698439
5 5 4 4 6 7 0. 0.64359425290558262473
5 5 4 7 5 3 0.84089641525371454303 0
5 5 4 7 5 7 -0.20710678118654752440 -0.50000000000000000000
5 5 4 7 6 3 0.38268343236508977172 -0.38268343236508977172
5 5 4 7 6 7 0.77688698701501865367 0.32179712645279131236
5 5 5 1 5 5 1.00000000000000000000 0
5 5 5 2 6 6 0.70710678118654752440 0.70710678118654752440
5 5 5 5 1 1 0.41421356237309504880 0
5 5 5 5 1 5 0.64359425290558262473 0
5 5 5 5 1 6 0.45508986056222734130 -0.45508986056222734130
5 5 5 5 5 1 0.64359425290558262473 0
5 5 5 5 5 5 0.29289321881345247559 0
5 5 5 5 5 6 -0.50000000000000000000 0.50000000000000000000
5 5 5 5 6 1 0. 0.64359425290558262473
5 5 5 5 6 5 0. -0.70710678118654752440
5 5 5 5 6 6 0.20710678118654752440 0.20710678118654752440
5 5 5 6 5 5 -0.70710678118654752440 0
5 5 5 6 5 6 0.50000000000000000000 0.50000000000000000000
5 5 5 6 6 5 -0.70710678118654752440 0
5 5 5 6 6 6 -0.50000000000000000000 -0.50000000000000000000
5 5 6 1 6 5 1.00000000000000000000 0
5 5 6 2 5 6 -0.70710678118654752440 -0.70710678118654752440
5 5 6 5 5 5 -0.70710678118654752440 0
5 5 6 5 5 6 0.50000000000000000000 0.50000000000000000000
5 5 6 5 6 5 -0.70710678118654752440 0
5 5 6 5 6 6 -0.50000000000000000000 -0.50000000000000000000
5 5 6 6 1 2 0. 0.41421356237309504880
5 5 6 6 1 5 0.45508986056222734130 -0.45508986056222734130
5 5 6 6 1 6 0. 0.64359425290558262473
5 5 6 6 5 2 -0.45508986056222734130 -0.45508986056222734130
5 5 6 6 5 5 0. -0.70710678118654752440
5 5 6 6 5 6 -0.20710678118654752440 -0.20710678118654752440
5 5 6 6 6 2 -0.45508986056222734130 0.45508986056222734130
5 5 6 6 6 5 0.29289321881345247559 0
5 5 6 6 6 6 0.50000000000000000000 -0.50000000000000000000
5 5 7 3 5 4 0.84089641525371454303 0
5 5 7 3 5 7 -0.20710678118654752440 -0.50000000000000000000
5 5 7 3 6 4 0.54119610014619698439 0
5 5 7 3 6 7 0.32179712645279131236 0.77688698701501865367
5 5 7 4 5 3 -0.59460355750136053335 -0.59460355750136053335
5 5 7 4 5 7 -0.20710678118654752440 -0.50000000000000000000
5 5 7 4 6 3 0.38268343236508977172 -0.38268343236508977172
5 5 7 4 6 7 -0.77688698701501865367 0.32179712645279131236
5 5 7 7 1 3 0.54119610014619698439 0
5 5 7 7 1 4 0.54119610014619698439 0
5 5 7 7 1 7 -0.45508986056222734130 0.45508986056222734130
5 5 7 7 5 3 -0.17415534987450326184 0.42044820762685727151
5 5 7 7 5 4 -0.17415534987450326184 0.42044820762685727151
5 5 7 7 5 7 0.29289321881345247559 0.70710678118654752440
5 5 7 7 6 3 -0.27059805007309849219 -0.65328148243818826392
5 5 7 7 6 4 0.27059805007309849219 0.65328148243818826392
5 5 7 7 6 7 0. 0
5 6 1 2 2 6 1.00000000000000000000 0
5 6 1 5 5 6 1.00000000000000000000 0
5 6 1 6 6 6 1.00000000000000000000 0
5 6 2 1 2 5 1.00000000000000000000 0
5 6 2 5 6 5 -0.70710678118654752440 0.70710678118654752440
5 6 2 6 5 5 0.70710678118654752440 -0.70710678118654752440
5 6 3 3 6 7 -0.70710678118654752440 0.70710678118654752440
5 6 3 4 2 3 -0.45508986056222734130 0.45508986056222734130
5 6 3 4 2 7 0. -0.76536686473017954345
5 6 3 4 5 3 0. 0.76536686473017954345
5 6 3 4 5 7 0.45508986056222734130 0.45508986056222734130
5 6 3 7 5 3 0. -0.54119610014619698439
5 6 3 7 5 7 0.77688698701501865367 -0.32179712645279131236
5 6 3 7 6 3 -0.59460355750136053335 0.59460355750136053335
5 6 3 7 6 7 0.50000000000000000000 0.20710678118654752440
5 6 4 3 2 4 -0.45508986056222734130 -0.45508986056222734130
5 6 4 3 2 7 0.76536686473017954345 0
5 6 4 3 5 4 -0.54119610014619698439 0.54119610014619698439
5 6 4 3 5 7 0. 0.64359425290558262473
5 6 4 4 6 7 0. -1.00000000000000000000
5 6 4 7 5 4 0.38268343236508977172 -0.38268343236508977172
5 6 4 7 5 7 -0.77688698701501865367 0.32179712645279131236
5 6 4 7 6 4 0.84089641525371454303 0
5 6 4 7 6 7 0.50000000000000000000 0.20710678118654752440
5 6 5 1 5 5 0.70710678118654752440 -0.70710678118654752440
5 6 5 2 6 6 1.00000000000000000000 0
5 6 5 5 5 5 -0.50000000000000000000 0.50000000000000000000
5 6 5 5 5 6 -0.70710678118654752440 0
5 6 5 5 6 5 0.50000000000000000000 -0.50000000000000000000
5 6 5 5 6 6 -0.70710678118654752440 0
5 6 5 6 2 2 0.41421356237309504880 0
5 6 5 6 2 5 -0.45508986056222734130 -0.45508986056222734130
5 6 5 6 2 6 0.64359425290558262473 0
5 6 5 6 5 2 0. 0.64359425290558262473
5 6 5 6 5 5 0.20710678118654752440 -0.20710678118654752440
5 6 5 6 5 6 0. -0.70710678118654752440
5 6 5 6 6 2 0.64359425290558262473 0
5 6 5 6 6 5 0.50000000000000000000 0.50000000000000000000
5 6 5 6 6 6 0.29289321881345247559 0
5 6 6 1 6 5 -0.70710678118654752440 0.70710678118654752440
5 6 6 2 5 6 1.00000000000000000000 0
5 6 6 5 2 1 0.41421356237309504880 0
5 6 6 5 2 5 0.64359425290558262473 0
5 6 6 5 2 6 0.45508986056222734130 -0.45508986056222734130
5 6 6 5 5 1 0.45508986056222734130 0.45508986056222734130
5 6 6 5 5 5 -0.50000000000000000000 -0.50000000000000000000
5 6 6 5 5 6 0.29289321881345247559 0
5 6 6 5 6 1 -0.45508986056222734130 0.45508986056222734130
5 6 6 5 6 5 -0.20710678118654752440 0.20710678118654752440
5 6 6 5 6 6 0. -0.70710678118654752440
5 6 6 6 5 5 -0.50000000000000000000 0.50000000000000000000
5 6 6 6 5 6 -0.70710678118654752440 0
5 6 6 6 6 5 0.50000000000000000000 -0.50000000000000000000
5 6 6 6 6 6 -0.70710678118654752440 0
5 6 7 3 5 4 0.38268343236508977172 -0.38268343236508977172
5 6 7 3 5 7 -0.77688698701501865367 0.32179712645279131236
5 6 7 3 6 4 -0.59460355750136053335 -0.59460355750136053335
5 6 7 3 6 7 -0.20710678118654752440 -0.50000000000000000000
5 6 7 4 5 3 0. -0.54119610014619698439
5 6 7 4 5 7 0.77688698701501865367 -0.32179712645279131236
5 6 7 4 6 3 0. -0.84089641525371454303
5 6 7 4 6 7 -0.50000000000000000000 0.20710678118654752440
5 6 7 7 2 3 0. -0.54119610014619698439
5 6 7 7 2 4 0.54119610014619698439 0
5 6 7 7 2 7 0. -0.64359425290558262473
5 6 7 7 5 3 0.65328148243818826392 -0.27059805007309849219
5 6 7 7 5 4 -0.27059805007309849219 -0.65328148243818826392
5 6 7 7 5 7 0. 0
5 6 7 7 6 3 0.42044820762685727151 0.17415534987450326184
5 6 7 7 6 4 -0.17415534987450326184 0.42044820762685727151
5 6 7 7 6 7 -0.70710678118654752440 -0.29289321881345247559
5 7 1 3 3 7 1.00000000000000000000 0
5 7 1 4 4 7 1.00000000000000000000 0
5 7 1 7 7 7 1.00000000000000000000 0
5 7 2 3 4 7 1.00000000000000000000 0
5 7 2 4 3 7 0. 1.00000000000000000000
5 7 2 7 7 7 1.00000000000000000000 0
5 7 3 1 4 5 1.00000000000000000000 0
5 7 3 2 3 6 1.00000000000000000000 0
5 7 3 5 3 5 0.84089641525371454303 0
5 7 3 5 3 6 0. -0.54119610014619698439
5 7 3 5 7 5 -0.20710678118654752440 0.50000000000000000000
5 7 3 5 7 6 -0.77688698701501865367 -0.32179712645279131236
5 7 3 6 4 5 0. -0.54119610014619698439
5 7 3 6 4 6 0. 0.84089641525371454303
5 7 3 6 7 5 0.77688698701501865367 -0.32179712645279131236
5 7 3 6 7 6 0.50000000000000000000 -0.20710678118654752440
5 7 4 1 3 5 1.00000000000000000000 0
5 7 4 2 4 6 0. 1.00000000000000000000
5 7 4 5 4 5 0.84089641525371454303 0
5 7 4 5 4 6 0. 0.54119610014619698439
5 7 4 5 7 5 -0.20710678118654752440 0.50000000000000000000
5 7 4 5 7 6 0.77688698701501865367 0.32179712645279131236
5 7 4 6 3 5 0.54119610014619698439 0
5 7 4 6 3 6 0.84089641525371454303 0
5 7 4 6 7 5 -0.77688698701501865367 0.32179712645279131236
5 7 4 6 7 6 0.50000000000000000000 -0.20710678118654752440
5 7 5 3 4 4 -0.29289321881345247559 0.70710678118654752440
5 7 5 3 4 7 0.64359425290558262473 0
5 7 5 3 7 4 -0.59460355750136053335 0.24629285775235400967
5 7 5 3 7 7 -0.54119610014619698439 -0.54119610014619698439
5 7 5 4 3 3 0.70710678118654752440 0.29289321881345247559
5 7 5 4 3 7 0. -0.64359425290558262473
5 7 5 4 7 3 0.24629285775235400967 -0.59460355750136053335
5 7 5 4 7 7 0.76536686473017954345 0
5 7 5 7 3 3 -0.29289321881345247559 0
5 7 5 7 3 4 -0.50000000000000000000 -0.50000000000000000000
5 7 5 7 3 7 0.64359425290558262473 0
5 7 5 7 4 3 -0.50000000000000000000 -0.50000000000000000000
5 7 5 7 4 4 0. -0.29289321881345247559
5 7 5 7 4 7 -0.45508986056222734130 -0.45508986056222734130
5 7 5 7 7 3 0.64359425290558262473 0
5 7 5 7 7 4 -0.45508986056222734130 -0.45508986056222734130
5 7 5 7 7 7 -0.41421356237309504880 0
5 7 6 3 3 4 0.29289321881345247559 -0.70710678118654752440
5 7 6 3 3 7 0.64359425290558262473 0
5 7 6 3 7 4 0.59460355750136053335 -0.24629285775235400967
5 7 6 3 7 7 -0.54119610014619698439 -0.54119610014619698439
5 7 6 4 4 3 0.29289321881345247559 -0.70710678118654752440
5 7 6 4 4 7 -0.64359425290558262473 0
5 7 6 4 7 3 -0.24629285775235400967 0.59460355750136053335
5 7 6 4 7 7 -0.76536686473017954345 0
5 7 6 7 3 3 0.70710678118654752440 0
5 7 6 7 3 4 -0.20710678118654752440 -0.20710678118654752440
5 7 6 7 3 7 0.64359425290558262473 0
5 7 6 7 4 3 -0.20710678118654752440 -0.20710678118654752440
5 7 6 7 4 4 0. 0.70710678118654752440
5 7 6 7 4 7 0.45508986056222734130 0.45508986056222734130
5 7 6 7 7 3 0.64359425290558262473 0
5 7 6 7 7 4 0.45508986056222734130 0.45508986056222734130
5 7 6 7 7 7 -0.41421356237309504880 0
5 7 7 1 7 5 1.00000000000000000000 0
5 7 7 2 7 6 -0.70710678118654752440 -0.70710678118654752440
5 7 7 5 3 1 0.54119610014619698439 0
5 7 7 5 3 5 -0.17415534987450326184 -0.42044820762685727151
5 7 7 5 3 6 0.65328148243818826392 -0.27059805007309849219
5 7 7 5 4 1 0.54119610014619698439 0
5 7 7 5 4 5 -0.17415534987450326184 -0.42044820762685727151
5 7 7 5 4 6 -0.65328148243818826392 0.27059805007309849219
5 7 7 5 7 1 -0.45508986056222734130 -0.45508986056222734130
5 7 7 5 7 5 0.29289321881345247559 -0.70710678118654752440
5 7 7 5 7 6 0. 0
5 7 7 6 3 2 0.54119610014619698439 0
5 7 7 6 3 5 0.27059805007309849219 0.65328148243818826392
5 7 7 6 3 6 -0.17415534987450326184 -0.42044820762685727151
5 7 7 6 4 2 0. 0.54119610014619698439
5 7 7 6 4 5 0.65328148243818826392 -0.27059805007309849219
5 7 7 6 4 6 0.42044820762685727151 -0.17415534987450326184
5 7 7 6 7 2 0. 0.64359425290558262473
5 7 7 6 7 5 0. 0
5 7 7 6 7 6 -0.70710678118654752440 0.29289321881345247559
6 1 1 6 6 1 1.00000000000000000000 0
6 1 2 5 6 2 1.00000000000000000000 0
6 1 3 3 6 3 1.00000000000000000000 0
6 1 3 7 6 3 1.00000000000000000000 0
6 1 4 4 6 4 1.00000000000000000000 0
6 1 4 7 6 4 1.00000000000000000000 0
6 1 5 2 6 5 1.00000000000000000000 0
6 1 5 5 6 5 1.00000000000000000000 0
6 1 5 6 6 5 1.00000000000000000000 0
6 1 6 1 6 6 1.00000000000000000000 0
6 1 6 5 6 6 1.00000000000000000000 0
6 1 6 6 6 6 1.00000000000000000000 0
6 1 7 3 6 7 1.00000000000000000000 0
6 1 7 4 6 7 1.00000000000000000000 0
6 1 7 7 6 7 1.00000000000000000000 0
6 2 1 5 5 2 1.00000000000000000000 0
6 2 2 6 5 1 0. -1.00000000000000000000
6 2 3 4 5 4 1.00000000000000000000 0
6 2 3 7 5 4 1.00000000000000000000 0
6 2 4 3 5 3 0. -1.00000000000000000000
6 2 4 7 5 3 0. -1.00000000000000000000
6 2 5 1 5 6 1.00000000000000000000 0
6 2 5 5 5 6 1.00000000000000000000 0
6 2 5 6 5 6 1.00000000000000000000 0
6 2 6 2 5 5 0. -1.00000000000000000000
6 2 6 5 5 5 0. -1.00000000000000000000
6 2 6 6 5 5 0. -1.00000000000000000000
6 2 7 3 5 7 0. -1.00000000000000000000
6 2 7 4 5 7 1.00000000000000000000 0
6 2 7 7 5 7 -0.70710678118654752440 0.70710678118654752440
6 3 1 3 3 3 1.00000000000000000000 0
6 3 1 7 7 3 1.00000000000000000000 0
6 3 2 4 3 4 0.70710678118654752440 0.70710678118654752440
6 3 2 7 7 4 0. 1.00000000000000000000
6 3 3 2 3 5 -0.70710678118654752440 0.70710678118654752440
6 3 3 5 3 2 0. 0.64359425290558262473
6 3 3 5 3 5 -0.54119610014619698439 -0.54119610014619698439
6 3 3 5 7 2 0. 0.76536686473017954345
6 3 3 5 7 5 0.45508986056222734130 0.45508986056222734130
6 3 3 6 7 5 1.00000000000000000000 0
6 3 4 1 3 6 0. 1.00000000000000000000
6 3 4 5 7 6 0. 1.00000000000000000000
6 3 4 6 3 1 -0.45508986056222734130 0.45508986056222734130
6 3 4 6 3 6 0. -0.76536686473017954345
6 3 4 6 7 1 0.76536686473017954345 0
6 3 4 6 7 6 0.45508986056222734130 -0.45508986056222734130
6 3 5 3 7 7 -0.70710678118654752440 0.70710678118654752440
6 3 5 4 3 4 -0.29289321881345247559 -0.29289321881345247559
6 3 5 4 3 7 0.84089641525371454303 0.34831069974900652368
6 3 5 4 7 4 -0.84089641525371454303 -0.34831069974900652368
6 3 5 4 7 7 -0.41421356237309504880 0
6 3 5 7 3 4 -0.70710678118654752440 -0.29289321881345247559
6 3 5 7 3 7 0.24629285775235400967 0.59460355750136053335
6 3 5 7 7 4 0. 0.64359425290558262473
6 3 5 7 7 7 -0.54119610014619698439 0.54119610014619698439
6 3 6 3 3 3 -0.41421356237309504880 0
6 3 6 3 3 7 -0.84089641525371454303 -0.34831069974900652368
6 3 6 3 7 3 0.34831069974900652368 -0.84089641525371454303
6 3 6 3 7 7 -0.29289321881345247559 0.29289321881345247559
6 3 6 4 7 7 1.00000000000000000000 0
6 3 6 7 3 3 0.29289321881345247559 -0.70710678118654752440
6 3 6 7 3 7 -0.24629285775235400967 -0.59460355750136053335
6 3 6 7 7 3 -0.64359425290558262473 0
6 3 6 7 7 7 0.54119610014619698439 -0.54119610014619698439
6 3 7 1 7 6 0. 1.00000000000000000000
6 3 7 2 7 5 1.00000000000000000000 0
6 3 7 5 3 5 0.38268343236508977172 0.38268343236508977172
6 3 7 5 3 6 0. 0.84089641525371454303
6 3 7 5 7 5 0.77688698701501865367 -0.32179712645279131236
6 3 7 5 7 6 -0.50000000000000000000 -0.20710678118654752440
6 3 7 6 3 5 -0.59460355750136053335 0.59460355750136053335
6 3 7 6 3 6 0. 0.54119610014619698439
6 3 7 6 7 5 -0.20710678118654752440 0.50000000000000000000
6 3 7 6 7 6 -0.32179712645279131236 -0.77688698701501865367
6 4 1 4 4 4 1.00000000000000000000 0
6 4 1 7 7 4 1.00000000000000000000 0
6 4 2 3 4 3 0.70710678118654752440 -0.70710678118654752440
6 4 2 7 7 3 -1.00000000000000000000 0
6 4 3 1 4 6 -0.70710678118654752440 0.70710678118654752440
6 4 3 5 7 6 1.00000000000000000000 0
6 4 3 6 4 1 0.64359425290558262473 0
6 4 3 6 4 6 -0.54119610014619698439 -0.54119610014619698439
6 4 3 6 7 1 0.76536686473017954345 0
6 4 3 6 7 6 0.45508986056222734130 0.45508986056222734130
6 4 4 2 4 5 1.00000000000000000000 0
6 4 4 5 4 2 -0.45508986056222734130 0.45508986056222734130
6 4 4 5 4 5 -0.76536686473017954345 0
6 4 4 5 7 2 0.76536686473017954345 0
6 4 4 5 7 5 -0.45508986056222734130 -0.45508986056222734130
6 4 4 6 7 5 1.00000000000000000000 0
6 4 5 3 4 3 -0.29289321881345247559 0.29289321881345247559
6 4 5 3 4 7 0.34831069974900652368 -0.84089641525371454303
6 4 5 3 7 3 -0.34831069974900652368 0.84089641525371454303
6 4 5 3 7 7 0. 0.41421356237309504880
6 4 5 4 7 7 -0.70710678118654752440 0.70710678118654752440
6 4 5 7 4 3 -0.29289321881345247559 0.70710678118654752440
6 4 5 7 4 7 -0.59460355750136053335 -0.24629285775235400967
6 4 5 7 7 3 0.64359425290558262473 0
6 4 5 7 7 7 0. -0.76536686473017954345
6 4 6 3 7 7 0. -1.00000000000000000000
6 4 6 4 4 4 -0.41421356237309504880 0
6 4 6 4 4 7 -0.84089641525371454303 -0.34831069974900652368
6 4 6 4 7 4 0.34831069974900652368 -0.84089641525371454303
6 4 6 4 7 7 -0.29289321881345247559 0.29289321881345247559
6 4 6 7 4 4 0.29289321881345247559 -0.70710678118654752440
6 4 6 7 4 7 0.59460355750136053335 0.24629285775235400967
6 4 6 7 7 4 0.64359425290558262473 0
6 4 6 7 7 7 0. -0.76536686473017954345
6 4 7 1 7 6 1.00000000000000000000 0
6 4 7 2 7 5 1.00000000000000000000 0
6 4 7 5 4 5 0.54119610014619698439 0
6 4 7 5 4 6 -0.59460355750136053335 0.59460355750136053335
6 4 7 5 7 5 -0.77688698701501865367 0.32179712645279131236
6 4 7 5 7 6 -0.20710678118654752440 0.50000000000000000000
6 4 7 6 4 5 0.84089641525371454303 0
6 4 7 6 4 6 0.38268343236508977172 0.38268343236508977172
6 4 7 6 7 5 -0.20710678118654752440 0.50000000000000000000
6 4 7 6 7 6 0.77688698701501865367 -0.32179712645279131236
6 5 1 2 2 5 1.00000000000000000000 0
6 5 1 5 5 5 1.00000000000000000000 0
6 5 1 6 6 5 1.00000000000000000000 0
6 5 2 1 2 6 0. 1.00000000000000000000
6 5 2 5 6 6 -0.70710678118654752440 -0.70710678118654752440
6 5 2 6 5 6 0.70710678118654752440 0.70710678118654752440
6 5 3 3 6 7 -0.70710678118654752440 0.70710678118654752440
6 5 3 4 2 4 -0.45508986056222734130 -0.45508986056222734130
6 5 3 4 2 7 0.76536686473017954345 0
6 5 3 4 5 4 -0.76536686473017954345 0
6 5 3 4 5 7 -0.45508986056222734130 0.45508986056222734130
6 5 3 7 5 4 0.54119610014619698439 0
6 5 3 7 5 7 -0.77688698701501865367 -0.32179712645279131236
6 5 3 7 6 4 -0.59460355750136053335 -0.59460355750136053335
6 5 3 7 6 7 -0.20710678118654752440 -0.50000000000000000000
6 5 4 3 2 3 -0.45508986056222734130 -0.45508986056222734130
6 5 4 3 2 7 0.76536686473017954345 0
6 5 4 3 5 3 -0.54119610014619698439 0.54119610014619698439
6 5 4 3 5 7 0. 0.64359425290558262473
6 5 4 4 6 7 1.00000000000000000000 0
6 5 4 7 5 3 0.38268343236508977172 -0.38268343236508977172
6 5 4 7 5 7 0.77688698701501865367 0.32179712645279131236
6 5 4 7 6 3 0.84089641525371454303 0
6 5 4 7 6 7 -0.20710678118654752440 -0.50000000000000000000
6 5 5 1 5 6 0.70710678118654752440 0.70710678118654752440
6 5 5 2 6 5 1.00000000000000000000 0
6 5 5 5 5 5 -0.70710678118654752440 0
6 5 5 5 5 6 -0.50000000000000000000 -0.50000000000000000000
6 5 5 5 6 5 -0.70710678118654752440 0
6 5 5 5 6 6 0.50000000000000000000 0.50000000000000000000
6 5 5 6 2 1 0.41421356237309504880 0
6 5 5 6 2 5 0.64359425290558262473 0
6 5 5 6 2 6 0.45508986056222734130 -0.45508986056222734130
6 5 5 6 5 1 0. 0.64359425290558262473
6 5 5 6 5 5 0. -0.70710678118654752440
6 5 5 6 5 6 0.20710678118654752440 0.20710678118654752440
6 5 5 6 6 1 0.64359425290558262473 0
6 5 5 6 6 5 0.29289321881345247559 0
6 5 5 6 6 6 -0.50000000000000000000 0.50000000000000000000
6 5 6 1 6 6 -0.70710678118654752440 -0.70710678118654752440
6 5 6 2 5 5 1.00000000000000000000 0
6 5 6 5 2 2 0. 0.41421356237309504880
6 5 6 5 2 5 0.45508986056222734130 -0.45508986056222734130
6 5 6 5 2 6 0. 0.64359425290558262473
6 5 6 5 5 2 -0.45508986056222734130 0.45508986056222734130
6 5 6 5 5 5 0.29289321881345247559 0
6 5 6 5 5 6 0.50000000000000000000 -0.50000000000000000000
6 5 6 5 6 2 -0.45508986056222734130 -0.45508986056222734130
6 5 6 5 6 5 0. -0.70710678118654752440
6 5 6 5 6 6 -0.20710678118654752440 -0.20710678118654752440
6 5 6 6 5 5 -0.70710678118654752440 0
6 5 6 6 5 6 -0.50000000000000000000 -0.50000000000000000000
6 5 6 6 6 5 -0.70710678118654752440 0
6 5 6 6 6 6 0.50000000000000000000 0.50000000000000000000
6 5 7 3 5 3 0.38268343236508977172 -0.38268343236508977172
6 5 7 3 5 7 -0.77688698701501865367 0.32179712645279131236
6 5 7 3 6 3 -0.59460355750136053335 -0.59460355750136053335
6 5 7 3 6 7 -0.20710678118654752440 -0.50000000000000000000
6 5 7 4 5 4 0.54119610014619698439 0
6 5 7 4 5 7 0.32179712645279131236 0.77688698701501865367
6 5 7 4 6 4 0.84089641525371454303 0
6 5 7 4 6 7 -0.20710678118654752440 -0.50000000000000000000
6 5 7 7 2 3 0.54119610014619698439 0
6 5 7 7 2 4 0.54119610014619698439 0
6 5 7 7 2 7 -0.45508986056222734130 0.45508986056222734130
6 5 7 7 5 3 -0.27059805007309849219 -0.65328148243818826392
6 5 7 7 5 4 0.27059805007309849219 0.65328148243818826392
6 5 7 7 5 7 0. 0
6 5 7 7 6 3 -0.17415534987450326184 0.42044820762685727151
6 5 7 7 6 4 -0.17415534987450326184 0.42044820762685727151
6 5 7 7 6 7 0.29289321881345247559 0.70710678118654752440
6 6 1 1 1 6 1.00000000000000000000 0
6 6 1 5 5 6 1.00000000000000000000 0
6 6 1 6 6 6 1.00000000000000000000 0
6 6 2 2 1 5 1.00000000000000000000 0
6 6 2 5 6 5 0.70710678118654752440 -0.70710678118654752440
6 6 2 6 5 5 -0.70710678118654752440 0.70710678118654752440
6 6 3 3 1 3 -0.45508986056222734130 0.45508986056222734130
6 6 3 3 1 7 0. -0.76536686473017954345
6 6 3 3 6 3 0. 0.76536686473017954345
6 6 3 3 6 7 0.45508986056222734130 0.45508986056222734130
6 6 3 4 5 7 -0.70710678118654752440 0.70710678118654752440
6 6 3 7 5 3 -0.59460355750136053335 0.59460355750136053335
6 6 3 7 5 7 0.50000000000000000000 0.20710678118654752440
6 6 3 7 6 3 0. -0.54119610014619698439
6 6 3 7 6 7 0.77688698701501865367 -0.32179712645279131236
6 6 4 3 5 7 0. -1.00000000000000000000
6 6 4 4 1 4 -0.45508986056222734130 -0.45508986056222734130
6 6 4 4 1 7 0.76536686473017954345 0
6 6 4 4 6 4 -0.54119610014619698439 0.54119610014619698439
6 6 4 4 6 7 0. 0.64359425290558262473
6 6 4 7 5 4 0.84089641525371454303 0
6 6 4 7 5 7 0.50000000000000000000 0.20710678118654752440
6 6 4 7 6 4 0.38268343236508977172 -0.38268343236508977172
6 6 4 7 6 7 -0.77688698701501865367 0.32179712645279131236
6 6 5 1 5 6 1.00000000000000000000 0
6 6 5 2 6 5 0.70710678118654752440 -0.70710678118654752440
6 6 5 5 1 2 0.41421356237309504880 0
6 6 5 5 1 5 -0.45508986056222734130 -0.45508986056222734130
6 6 5 5 1 6 0.64359425290558262473 0
6 6 5 5 5 2 0.64359425290558262473 0
6 6 5 5 5 5 0.50000000000000000000 0.50000000000000000000
6 6 5 5 5 6 0.29289321881345247559 0
6 6 5 5 6 2 0. 0.64359425290558262473
6 6 5 5 6 5 0.20710678118654752440 -0.20710678118654752440
6 6 5 5 6 6 0. -0.70710678118654752440
6 6 5 6 5 5 0.50000000000000000000 -0.50000000000000000000
6 6 5 6 5 6 -0.70710678118654752440 0
6 6 5 6 6 5 -0.50000000000000000000 0.50000000000000000000
6 6 5 6 6 6 -0.70710678118654752440 0
6 6 6 1 6 6 1.00000000000000000000 0
6 6 6 2 5 5 -0.70710678118654752440 0.70710678118654752440
6 6 6 5 5 5 0.50000000000000000000 -0.50000000000000000000
6 6 6 5 5 6 -0.70710678118654752440 0
6 6 6 5 6 5 -0.50000000000000000000 0.50000000000000000000
6 6 6 5 6 6 -0.70710678118654752440 0
6 6 6 6 1 1 0.41421356237309504880 0
6 6 6 6 1 5 0.64359425290558262473 0
6 6 6 6 1 6 0.45508986056222734130 -0.45508986056222734130
6 6 6 6 5 1 -0.45508986056222734130 0.45508986056222734130
6 6 6 6 5 5 -0.20710678118654752440 0.20710678118654752440
6 6 6 6 5 6 0. -0.70710678118654752440
6 6 6 6 6 1 0.45508986056222734130 0.45508986056222734130
6 6 6 6 6 5 -0.50000000000000000000 -0.50000000000000000000
6 6 6 6 6 6 0.29289321881345247559 0
6 6 7 3 5 3 0. -0.84089641525371454303
6 6 7 3 5 7 -0.50000000000000000000 0.20710678118654752440
6 6 7 3 6 3 0. -0.54119610014619698439
6 6 7 3 6 7 0.77688698701501865367 -0.32179712645279131236
6 6 7 4 5 4 -0.59460355750136053335 -0.59460355750136053335
6 6 7 4 5 7 -0.20710678118654752440 -0.50000000000000000000
6 6 7 4 6 4 0.38268343236508977172 -0.38268343236508977172
6 6 7 4 6 7 -0.77688698701501865367 0.32179712645279131236
6 6 7 7 1 3 0. -0.54119610014619698439
6 6 7 7 1 4 0.54119610014619698439 0
6 6 7 7 1 7 0. -0.64359425290558262473
6 6 7 7 5 3 0.42044820762685727151 0.17415534987450326184
6 6 7 7 5 4 -0.17415534987450326184 0.42044820762685727151
6 6 7 7 5 7 -0.70710678118654752440 -0.29289321881345247559
6 6 7 7 6 3 0.65328148243818826392 -0.27059805007309849219
6 6 7 7 6 4 -0.27059805007309849219 -0.65328148243818826392
6 6 7 7 6 7 0. 0
6 7 1 3 3 7 1.00000000000000000000 0
6 7 1 4 4 7 1.00000000000000000000 0
6 7 1 7 7 7 1.00000000000000000000 0
6 7 2 3 4 7 0. 1.00000000000000000000
6 7 2 4 3 7 1.00000000000000000000 0
6 7 2 7 7 7 -1.00000000000000000000 0
6 7 3 1 4 6 1.00000000000000000000 0
6 7 3 2 3 5 1.00000000000000000000 0
6 7 3 5 3 5 0. -0.54119610014619698439
6 7 3 5 3 6 0. 0.84089641525371454303
6 7 3 5 7 5 0.77688698701501865367 -0.32179712645279131236
6 7 3 5 7 6 0.50000000000000000000 -0.20710678118654752440
6 7 3 6 4 5 0.84089641525371454303 0
6 7 3 6 4 6 0. -0.54119610014619698439
6 7 3 6 7 5 -0.20710678118654752440 0.50000000000000000000
6 7 3 6 7 6 -0.77688698701501865367 -0.32179712645279131236
6 7 4 1 3 6 0. 1.00000000000000000000
6 7 4 2 4 5 1.00000000000000000000 0
6 7 4 5 4 5 0.54119610014619698439 0
6 7 4 5 4 6 0.84089641525371454303 0
6 7 4 5 7 5 -0.77688698701501865367 0.32179712645279131236
6 7 4 5 7 6 0.50000000000000000000 -0.20710678118654752440
6 7 4 6 3 5 0.84089641525371454303 0
6 7 4 6 3 6 0. 0.54119610014619698439
6 7 4 6 7 5 -0.20710678118654752440 0.50000000000000000000
6 7 4 6 7 6 0.77688698701501865367 0.32179712645279131236
6 7 5 3 4 3 0.70710678118654752440 0.29289321881345247559
6 7 5 3 4 7 0. -0.64359425290558262473
6 7 5 3 7 3 0.24629285775235400967 -0.59460355750136053335
6 7 5 3 7 7 0.76536686473017954345 0
6 7 5 4 3 4 -0.29289321881345247559 0.70710678118654752440
6 7 5 4 3 7 0.64359425290558262473 0
6 7 5 4 7 4 -0.59460355750136053335 0.24629285775235400967
6 7 5 4 7 7 -0.54119610014619698439 -0.54119610014619698439
6 7 5 7 3 3 -0.50000000000000000000 -0.50000000000000000000
6 7 5 7 3 4 0. -0.29289321881345247559
6 7 5 7 3 7 -0.45508986056222734130 -0.45508986056222734130
6 7 5 7 4 3 -0.29289321881345247559 0
6 7 5 7 4 4 -0.50000000000000000000 -0.50000000000000000000
6 7 5 7 4 7 0.64359425290558262473 0
6 7 5 7 7 3 0.64359425290558262473 0
6 7 5 7 7 4 -0.45508986056222734130 -0.45508986056222734130
6 7 5 7 7 7 -0.41421356237309504880 0
6 7 6 3 3 3 0.29289321881345247559 -0.70710678118654752440
6 7 6 3 3 7 -0.64359425290558262473 0
6 7 6 3 7 3 -0.24629285775235400967 0.59460355750136053335
6 7 6 3 7 7 -0.76536686473017954345 0
6 7 6 4 4 4 0.29289321881345247559 -0.70710678118654752440
6 7 6 4 4 7 0.64359425290558262473 0
6 7 6 4 7 4 0.59460355750136053335 -0.24629285775235400967
6 7 6 4 7 7 -0.54119610014619698439 -0.54119610014619698439
6 7 6 7 3 3 -0.20710678118654752440 -0.20710678118654752440
6 7 6 7 3 4 0. 0.70710678118654752440
6 7 6 7 3 7 0.45508986056222734130 0.45508986056222734130
6 7 6 7 4 3 0.70710678118654752440 0
6 7 6 7 4 4 -0.20710678118654752440 -0.20710678118654752440
6 7 6 7 4 7 0.64359425290558262473 0
6 7 6 7 7 3 -0.64359425290558262473 0
6 7 6 7 7 4 -0.45508986056222734130 -0.45508986056222734130
6 7 6 7 7 7 0.41421356237309504880 0
6 7 7 1 7 6 -0.70710678118654752440 -0.70710678118654752440
6 7 7 2 7 5 1.00000000000000000000 0
6 7 7 5 3 2 0. 0.54119610014619698439
6 7 7 5 3 5 0.65328148243818826392 -0.27059805007309849219
6 7 7 5 3 6 0.42044820762685727151 -0.17415534987450326184
6 7 7 5 4 2 0.54119610014619698439 0
6 7 7 5 4 5 0.27059805007309849219 0.65328148243818826392
6 7 7 5 4 6 -0.17415534987450326184 -0.42044820762685727151
6 7 7 5 7 2 0. 0.64359425290558262473
6 7 7 5 7 5 0. 0
6 7 7 5 7 6 -0.70710678118654752440 0.29289321881345247559
6 7 7 6 3 1 0.54119610014619698439 0
6 7 7 6 3 5 -0.17415534987450326184 -0.42044820762685727151
6 7 7 6 3 6 -0.65328148243818826392 0.27059805007309849219
6 7 7 6 4 1 0.54119610014619698439 0
6 7 7 6 4 5 -0.17415534987450326184 -0.42044820762685727151
6 7 7 6 4 6 0.65328148243818826392 -0.27059805007309849219
6 7 7 6 7 1 -0.45508986056222734130 -0.45508986056222734130
6 7 7 6 7 5 0.29289321881345247559 -0.70710678118654752440
6 7 7 6 7 6 0. 0
7 1 1 7 7 1 1.00000000000000000000 0
7 1 2 7 7 2 1.00000000000000000000 0
7 1 3 5 7 3 1.00000000000000000000 0
7 1 3 6 7 3 1.00000000000000000000 0
7 1 4 5 7 4 1.00000000000000000000 0
7 1 4 6 7 4 1.00000000000000000000 0
7 1 5 3 7 5 1.00000000000000000000 0
7 1 5 4 7 5 1.00000000000000000000 0
7 1 5 7 7 5 1.00000000000000000000 0
7 1 6 3 7 6 1.00000000000000000000 0
7 1 6 4 7 6 1.00000000000000000000 0
7 1 6 7 7 6 1.00000000000000000000 0
7 1 7 1 7 7 1.00000000000000000000 0
7 1 7 2 7 7 1.00000000000000000000 0
7 1 7 5 7 7 1.00000000000000000000 0
7 1 7 6 7 7 1.00000000000000000000 0
7 2 1 7 7 2 1.00000000000000000000 0
7 2 2 7 7 1 -0.70710678118654752440 0.70710678118654752440
7 2 3 5 7 4 1.00000000000000000000 0
7 2 3 6 7 4 -1.00000000000000000000 0
7 2 4 5 7 3 -0.70710678118654752440 0.70710678118654752440
7 2 4 6 7 3 0.70710678118654752440 -0.70710678118654752440
7 2 5 3 7 6 1.00000000000000000000 0
7 2 5 4 7 6 -1.00000000000000000000 0
7 2 5 7 7 6 1.00000000000000000000 0
7 2 6 3 7 5 -0.70710678118654752440 0.70710678118654752440
7 2 6 4 7 5 0.70710678118654752440 -0.70710678118654752440
7 2 6 7 7 5 -0.70710678118654752440 0.70710678118654752440
7 2 7 1 7 7 -0.38268343236508977172 -0.92387953251128675612
7 2 7 2 7 7 0.38268343236508977172 0.92387953251128675612
7 2 7 5 7 7 -0.38268343236508977172 -0.92387953251128675612
7 2 7 6 7 7 0.38268343236508977172 0.92387953251128675612
7 3 1 5 5 3 1.00000000000000000000 0
7 3 1 6 6 3 1.00000000000000000000 0
7 3 2 5 6 4 0.70710678118654752440 0.70710678118654752440
7 3 2 6 5 4 0.70710678118654752440 0.70710678118654752440
7 3 3 3 6 5 0.70710678118654752440 0.70710678118654752440
7 3 3 4 5 5 0.70710678118654752440 0.70710678118654752440
7 3 3 7 5 2 -0.65328148243818826392 0.27059805007309849219
7 3 3 7 5 5 -0.65328148243818826392 0.27059805007309849219
7 3 3 7 6 2 0.65328148243818826392 -0.27059805007309849219
7 3 3 7 6 5 -0.65328148243818826392 0.27059805007309849219
7 3 4 3 5 6 0. -1.00000000000000000000
7 3 4 4 6 6 0. -1.00000000000000000000
7 3 4 7 5 1 0.27059805007309849219 0.65328148243818826392
7 3 4 7 5 6 0.65328148243818826392 0.27059805007309849219
7 3 4 7 6 1 0.27059805007309849219 0.65328148243818826392
7 3 4 7 6 6 -0.65328148243818826392 -0.27059805007309849219
7 3 5 1 5 7 1.00000000000000000000 0
7 3 5 2 6 7 1.00000000000000000000 0
7 3 5 5 5 4 0.59460355750136053335 -0.59460355750136053335
7 3 5 5 5 7 -0.20710678118654752440 -0.50000000000000000000
7 3 5 5 6 4 0. 0.54119610014619698439
7 3 5 5 6 7 -0.77688698701501865367 -0.32179712645279131236
7 3 5 6 5 4 0. 0.54119610014619698439
7 3 5 6 5 7 -0.77688698701501865367 -0.32179712645279131236
7 3 5 6 6 4 0.59460355750136053335 -0.59460355750136053335
7 3 5 6 6 7 -0.20710678118654752440 -0.50000000000000000000
7 3 6 1 6 7 -0.38268343236508977172 -0.92387953251128675612
7 3 6 2 5 7 -0.38268343236508977172 -0.92387953251128675612
7 3 6 5 5 3 -0.54119610014619698439 0
7 3 6 5 5 7 0. -0.84089641525371454303
7 3 6 5 6 3 -0.59460355750136053335 -0.59460355750136053335
7 3 6 5 6 7 -0.38268343236508977172 0.38268343236508977172
7 3 6 6 5 3 -0.59460355750136053335 -0.59460355750136053335
7 3 6 6 5 7 -0.38268343236508977172 0.38268343236508977172
7 3 6 6 6 3 -0.54119610014619698439 0
7 3 6 6 6 7 0. -0.84089641525371454303
7 3 7 3 5 5 -0.92387953251128675612 0
7 3 7 3 5 6 0.35355339059327376220 -0.14644660940672623779
7 3 7 3 6 5 -0.27059805007309849219 -0.27059805007309849219
7 3 7 3 6 6 -0.85355339059327376220 -0.35355339059327376220
7 3 7 4 5 5 -0.27059805007309849219 -0.27059805007309849219
7 3 7 4 5 6 -0.85355339059327376220 -0.35355339059327376220
7 3 7 4 6 5 -0.92387953251128675612 0
7 3 7 4 6 6 0.35355339059327376220 -0.14644660940672623779
7 3 7 7 5 5 0.50000000000000000000 0.50000000000000000000
7 3 7 7 5 6 0.65328148243818826392 0.27059805007309849219
7 3 7 7 6 5 0.50000000000000000000 0.50000000000000000000
7 3 7 7 6 6 -0.65328148243818826392 -0.27059805007309849219
7 4 1 5 5 4 1.00000000000000000000 0
7 4 1 6 6 4 1.00000000000000000000 0
7 4 2 5 6 3 1.00000000000000000000 0
7 4 2 6 5 3 1.00000000000000000000 0
7 4 3 3 6 6 -0.70710678118654752440 -0.70710678118654752440
7 4 3 4 5 6 -0.70710678118654752440 -0.70710678118654752440
7 4 3 7 5 1 0.27059805007309849219 -0.65328148243818826392
7 4 3 7 5 6 -0.65328148243818826392 0.27059805007309849219
7 4 3 7 6 1 0.27059805007309849219 -0.65328148243818826392
7 4 3 7 6 6 0.65328148243818826392 -0.27059805007309849219
7 4 4 3 5 5 0.70710678118654752440 0.70710678118654752440
7 4 4 4 6 5 0.70710678118654752440 0.70710678118654752440
7 4 4 7 5 2 0.27059805007309849219 0.65328148243818826392
7 4 4 7 5 5 -0.65328148243818826392 0.27059805007309849219
7 4 4 7 6 2 -0.27059805007309849219 -0.65328148243818826392
7 4 4 7 6 5 -0.65328148243818826392 0.27059805007309849219
7 4 5 1 5 7 -0.38268343236508977172 -0.92387953251128675612
7 4 5 2 6 7 -0.38268343236508977172 -0.92387953251128675612
7 4 5 5 5 3 0. 0.84089641525371454303
7 4 5 5 5 7 -0.38268343236508977172 0.38268343236508977172
7 4 5 5 6 3 0.38268343236508977172 0.38268343236508977172
7 4 5 5 6 7 0. -0.84089641525371454303
7 4 5 6 5 3 0.38268343236508977172 0.38268343236508977172
7 4 5 6 5 7 0. -0.84089641525371454303
7 4 5 6 6 3 0. 0.84089641525371454303
7 4 5 6 6 7 -0.38268343236508977172 0.38268343236508977172
7 4 6 1 6 7 0.70710678118654752440 -0.70710678118654752440
7 4 6 2 5 7 0.70710678118654752440 -0.70710678118654752440
7 4 6 5 5 4 -0.54119610014619698439 0
7 4 6 5 5 7 -0.77688698701501865367 0.32179712645279131236
7 4 6 5 6 4 0.59460355750136053335 0.59460355750136053335
7 4 6 5 6 7 -0.50000000000000000000 -0.20710678118654752440
7 4 6 6 5 4 0.59460355750136053335 0.59460355750136053335
7 4 6 6 5 7 -0.50000000000000000000 -0.20710678118654752440
7 4 6 6 6 4 -0.54119610014619698439 0
7 4 6 6 6 7 -0.77688698701501865367 0.32179712645279131236
7 4 7 3 5 5 -0.14644660940672623779 0.35355339059327376220
7 4 7 3 5 6 -0.92387953251128675612 0
7 4 7 3 6 5 -0.85355339059327376220 0.35355339059327376220
7 4 7 3 6 6 0.27059805007309849219 0.27059805007309849219
7 4 7 4 5 5 -0.85355339059327376220 0.35355339059327376220
7 4 7 4 5 6 0.27059805007309849219 0.27059805007309849219
7 4 7 4 6 5 -0.14644660940672623779 0.35355339059327376220
7 4 7 4 6 6 -0.92387953251128675612 0
7 4 7 7 5 5 -0.65328148243818826392 0.27059805007309849219
7 4 7 7 5 6 0.50000000000000000000 0.50000000000000000000
7 4 7 7 6 5 -0.65328148243818826392 0.27059805007309849219
7 4 7 7 6 6 -0.50000000000000000000 -0.50000000000000000000
7 5 1 3 3 5 1.00000000000000000000 0
7 5 1 4 4 5 1.00000000000000000000 0
7 5 1 7 7 5 1.00000000000000000000 0
7 5 2 3 4 6 1.00000000000000000000 0
7 5 2 4 3 6 1.00000000000000000000 0
7 5 2 7 7 6 -0.70710678118654752440 -0.70710678118654752440
7 5 3 1 4 7 0.70710678118654752440 0.70710678118654752440
7 5 3 2 3 7 0.70710678118654752440 0.70710678118654752440
7 5 3 5 3 4 -0.29289321881345247559 -0.70710678118654752440
7 5 3 5 3 7 0.59460355750136053335 -0.24629285775235400967
7 5 3 5 7 4 -0.45508986056222734130 0.45508986056222734130
7 5 3 5 7 7 0.54119610014619698439 0.54119610014619698439
7 5 3 6 4 4 -0.29289321881345247559 -0.70710678118654752440
7 5 3 6 4 7 0.59460355750136053335 -0.24629285775235400967
7 5 3 6 7 4 -0.45508986056222734130 0.45508986056222734130
7 5 3 6 7 7 0.54119610014619698439 0.54119610014619698439
7 5 4 1 3 7 0.92387953251128675612 0.38268343236508977172
7 5 4 2 4 7 0.92387953251128675612 0.38268343236508977172
7 5 4 5 4 3 0.70710678118654752440 0.29289321881345247559
7 5 4 5 4 7 -0.45508986056222734130 -0.45508986056222734130
7 5 4 5 7 3 -0.45508986056222734130 0.45508986056222734130
7 5 4 5 7 7 -0.70710678118654752440 0.29289321881345247559
7 5 4 6 3 3 0.70710678118654752440 0.29289321881345247559
7 5 4 6 3 7 -0.45508986056222734130 -0.45508986056222734130
7 5 4 6 7 3 -0.45508986056222734130 0.45508986056222734130
7 5 4 6 7 7 -0.70710678118654752440 0.29289321881345247559
7 5 5 3 4 5 -0.77688698701501865367 0.32179712645279131236
7 5 5 3 4 6 0.38268343236508977172 -0.38268343236508977172
7 5 5 3 7 5 -0.50000000000000000000 -0.20710678118654752440
7 5 5 3 7 6 -0.84089641525371454303 0
7 5 5 4 3 5 -0.77688698701501865367 0.32179712645279131236
7 5 5 4 3 6 0.38268343236508977172 -0.38268343236508977172
7 5 5 4 7 5 -0.50000000000000000000 -0.20710678118654752440
7 5 5 4 7 6 -0.84089641525371454303 0
7 5 5 7 3 1 0. -0.54119610014619698439
7 5 5 7 3 5 0.17415534987450326184 0.42044820762685727151
7 5 5 7 3 6 -0.50000000000000000000 -0.50000000000000000000
7 5 5 7 4 1 0. -0.54119610014619698439
7 5 5 7 4 5 0.17415534987450326184 0.42044820762685727151
7 5 5 7 4 6 0.50000000000000000000 0.50000000000000000000
7 5 5 7 7 1 0.45508986056222734130 0.45508986056222734130
7 5 5 7 7 5 0.70710678118654752440 0.29289321881345247559
7 5 5 7 7 6 0. 0
7 5 6 3 3 5 -0.54119610014619698439 0
7 5 6 3 3 6 -0.32179712645279131236 -0.77688698701501865367
7 5 6 3 7 5 -0.84089641525371454303 0
7 5 6 3 7 6 0.20710678118654752440 0.50000000000000000000
7 5 6 4 4 5 -0.54119610014619698439 0
7 5 6 4 4 6 -0.32179712645279131236 -0.77688698701501865367
7 5 6 4 7 5 -0.84089641525371454303 0
7 5 6 4 7 6 0.20710678118654752440 0.50000000000000000000
7 5 6 7 3 2 -0.38268343236508977172 0.38268343236508977172
7 5 6 7 3 5 0.50000000000000000000 0.50000000000000000000
7 5 6 7 3 6 0.17415534987450326184 -0.42044820762685727151
7 5 6 7 4 2 0.38268343236508977172 -0.38268343236508977172
7 5 6 7 4 5 0.50000000000000000000 0.50000000000000000000
7 5 6 7 4 6 -0.17415534987450326184 0.42044820762685727151
7 5 6 7 7 2 0. -0.64359425290558262473
7 5 6 7 7 5 0. 0
7 5 6 7 7 6 -0.29289321881345247559 -0.70710678118654752440
7 5 7 1 7 7 0. 1.00000000000000000000
7 5 7 2 7 7 0. 1.00000000000000000000
7 5 7 5 3 3 0.70710678118654752440 0
7 5 7 5 3 4 0.11208538229199127952 0.27059805007309849219
7 5 7 5 3 7 0. 0.64359425290558262473
7 5 7 5 4 3 0.20710678118654752440 -0.20710678118654752440
7 5 7 5 4 4 0.65328148243818826392 0.27059805007309849219
7 5 7 5 4 7 -0.45508986056222734130 -0.45508986056222734130
7 5 7 5 7 3 0.64359425290558262473 0
7 5 7 5 7 4 -0.24629285775235400967 -0.59460355750136053335
7 5 7 5 7 7 0. -0.41421356237309504880
7 5 7 6 3 3 0.20710678118654752440 -0.20710678118654752440
7 5 7 6 3 4 0.65328148243818826392 0.27059805007309849219
7 5 7 6 3 7 -0.45508986056222734130 -0.45508986056222734130
7 5 7 6 4 3 0.70710678118654752440 0
7 5 7 6 4 4 0.11208538229199127952 0.27059805007309849219
7 5 7 6 4 7 0. 0.64359425290558262473
7 5 7 6 7 3 0.64359425290558262473 0
7 5 7 6 7 4 -0.24629285775235400967 -0.59460355750136053335
7 5 7 6 7 7 0. -0.41421356237309504880
7 6 1 3 3 6 1.00000000000000000000 0
7 6 1 4 4 6 1.00000000000000000000 0
7 6 1 7 7 6 1.00000000000000000000 0
7 6 2 3 4 5 0.70710678118654752440 -0.70710678118654752440
7 6 2 4 3 5 0.70710678118654752440 -0.70710678118654752440
7 6 2 7 7 5 1.00000000000000000000 0
7 6 3 1 4 7 -0.38268343236508977172 0.92387953251128675612
7 6 3 2 3 7 -0.38268343236508977172 0.92387953251128675612
7 6 3 5 3 3 0.70710678118654752440 0.29289321881345247559
7 6 3 5 3 7 -0.45508986056222734130 -0.45508986056222734130
7 6 3 5 7 3 0. -0.64359425290558262473
7 6 3 5 7 7 0.29289321881345247559 -0.70710678118654752440
7 6 3 6 4 3 0.70710678118654752440 0.29289321881345247559
7 6 3 6 4 7 -0.45508986056222734130 -0.45508986056222734130
7 6 3 6 7 3 0. 0.64359425290558262473
7 6 3 6 7 7 -0.29289321881345247559 0.70710678118654752440
7 6 4 1 3 7 0. -1.00000000000000000000
7 6 4 2 4 7 0. -1.00000000000000000000
7 6 4 5 4 4 -0.70710678118654752440 -0.29289321881345247559
7 6 4 5 4 7 0.24629285775235400967 -0.59460355750136053335
7 6 4 5 7 4 -0.45508986056222734130 0.45508986056222734130
7 6 4 5 7 7 0.54119610014619698439 0.54119610014619698439
7 6 4 6 3 4 -0.70710678118654752440 -0.29289321881345247559
7 6 4 6 3 7 0.24629285775235400967 -0.59460355750136053335
7 6 4 6 7 4 0.45508986056222734130 -0.45508986056222734130
7 6 4 6 7 7 -0.54119610014619698439 -0.54119610014619698439
7 6 5 3 4 5 0. -0.54119610014619698439
7 6 5 3 4 6 0.77688698701501865367 -0.32179712645279131236
7 6 5 3 7 5 0.59460355750136053335 -0.59460355750136053335
7 6 5 3 7 6 -0.50000000000000000000 -0.20710678118654752440
7 6 5 4 3 5 0. -0.54119610014619698439
7 6 5 4 3 6 0.77688698701501865367 -0.32179712645279131236
7 6 5 4 7 5 -0.59460355750136053335 0.59460355750136053335
7 6 5 4 7 6 0.50000000000000000000 0.20710678118654752440
7 6 5 7 3 2 0. -0.54119610014619698439
7 6 5 7 3 5 0.70710678118654752440 0
7 6 5 7 3 6 0.17415534987450326184 0.42044820762685727151
7 6 5 7 4 2 0. 0.54119610014619698439
7 6 5 7 4 5 0.70710678118654752440 0
7 6 5 7 4 6 -0.17415534987450326184 -0.42044820762685727151
7 6 5 7 7 2 0.45508986056222734130 0.45508986056222734130
7 6 5 7 7 5 0. 0
7 6 5 7 7 6 0.70710678118654752440 0.29289321881345247559
7 6 6 3 3 5 0.77688698701501865367 0.32179712645279131236
7 6 6 3 3 6 -0.54119610014619698439 0
7 6 6 3 7 5 -0.50000000000000000000 -0.20710678118654752440
7 6 6 3 7 6 -0.84089641525371454303 0
7 6 6 4 4 5 0.77688698701501865367 0.32179712645279131236
7 6 6 4 4 6 -0.54119610014619698439 0
7 6 6 4 7 5 0.50000000000000000000 0.20710678118654752440
7 6 6 4 7 6 0.84089641525371454303 0
7 6 6 7 3 1 0. -0.54119610014619698439
7 6 6 7 3 5 0.17415534987450326184 0.42044820762685727151
7 6 6 7 3 6 0.50000000000000000000 0.50000000000000000000
7 6 6 7 4 1 0. -0.54119610014619698439
7 6 6 7 4 5 0.17415534987450326184 0.42044820762685727151
7 6 6 7 4 6 -0.50000000000000000000 -0.50000000000000000000
7 6 6 7 7 1 0.45508986056222734130 0.45508986056222734130
7 6 6 7 7 5 0.70710678118654752440 0.29289321881345247559
7 6 6 7 7 6 0. 0
7 6 7 1 7 7 0.92387953251128675612 -0.38268343236508977172
7 6 7 2 7 7 -0.92387953251128675612 0.38268343236508977172
7 6 7 5 3 3 -0.27059805007309849219 -0.11208538229199127952
7 6 7 5 3 4 0.70710678118654752440 0
7 6 7 5 3 7 0.59460355750136053335 -0.24629285775235400967
7 6 7 5 4 3 0.65328148243818826392 -0.27059805007309849219
7 6 7 5 4 4 -0.20710678118654752440 0.20710678118654752440
7 6 7 5 4 7 0.24629285775235400967 -0.59460355750136053335
7 6 7 5 7 3 0.59460355750136053335 0.24629285775235400967
7 6 7 5 7 4 0.64359425290558262473 0
7 6 7 5 7 7 -0.38268343236508977172 0.15851266778110721267
7 6 7 6 3 3 0.65328148243818826392 -0.27059805007309849219
7 6 7 6 3 4 -0.20710678118654752440 0.20710678118654752440
7 6 7 6 3 7 0.24629285775235400967 -0.59460355750136053335
7 6 7 6 4 3 -0.27059805007309849219 -0.11208538229199127952
7 6 7 6 4 4 0.70710678118654752440 0
7 6 7 6 4 7 0.59460355750136053335 -0.24629285775235400967
7 6 7 6 7 3 -0.59460355750136053335 -0.24629285775235400967
7 6 7 6 7 4 -0.64359425290558262473 0
7 6 7 6 7 7 0.38268343236508977172 -0.15851266778110721267
7 7 1 1 1 7 1.00000000000000000000 0
7 7 1 2 2 7 1.00000000000000000000 0
7 7 1 5 5 7 1.00000000000000000000 0
7 7 1 6 6 7 1.00000000000000000000 0
7 7 2 1 2 7 -0.38268343236508977172 0.92387953251128675612
7 7 2 2 1 7 -0.38268343236508977172 0.92387953251128675612
7 7 2 5 6 7 -0.38268343236508977172 -0.92387953251128675612
7 7 2 6 5 7 -0.38268343236508977172 -0.92387953251128675612
7 7 3 3 1 5 0. -0.70710678118654752440
7 7 3 3 1 6 0.65328148243818826392 0.27059805007309849219
7 7 3 3 6 5 -0.65328148243818826392 -0.27059805007309849219
7 7 3 3 6 6 -0.50000000000000000000 0.50000000000000000000
7 7 3 4 2 5 0. -0.70710678118654752440
7 7 3 4 2 6 0.65328148243818826392 0.27059805007309849219
7 7 3 4 5 5 -0.65328148243818826392 -0.27059805007309849219
7 7 3 4 5 6 -0.50000000000000000000 0.50000000000000000000
7 7 3 7 5 5 -0.50000000000000000000 0.50000000000000000000
7 7 3 7 5 6 -0.27059805007309849219 -0.65328148243818826392
7 7 3 7 6 5 -0.50000000000000000000 0.50000000000000000000
7 7 3 7 6 6 0.27059805007309849219 0.65328148243818826392
7 7 4 3 2 5 0.65328148243818826392 0.27059805007309849219
7 7 4 3 2 6 0.50000000000000000000 -0.50000000000000000000
7 7 4 3 5 5 0. 0.70710678118654752440
7 7 4 3 5 6 -0.65328148243818826392 -0.27059805007309849219
7 7 4 4 1 5 0.65328148243818826392 0.27059805007309849219
7 7 4 4 1 6 0.50000000000000000000 -0.50000000000000000000
7 7 4 4 6 5 0. 0.70710678118654752440
7 7 4 4 6 6 -0.65328148243818826392 -0.27059805007309849219
7 7 4 7 5 5 0.65328148243818826392 0.27059805007309849219
7 7 4 7 5 6 -0.50000000000000000000 0.50000000000000000000
7 7 4 7 6 5 0.65328148243818826392 0.27059805007309849219
7 7 4 7 6 6 0.50000000000000000000 -0.50000000000000000000
7 7 5 1 5 7 0. -1.00000000000000000000
7 7 5 2 6 7 0. -1.00000000000000000000
7 7 5 5 1 3 0. 0.54119610014619698439
7 7 5 5 1 4 -0.50000000000000000000 -0.20710678118654752440
7 7 5 5 1 7 0.45508986056222734130 0.45508986056222734130
7 7 5 5 5 3 -0.42044820762685727151 -0.17415534987450326184
7 7 5 5 5 4 0.32179712645279131236 -0.32179712645279131236
7 7 5 5 5 7 0.70710678118654752440 -0.29289321881345247559
7 7 5 5 6 3 0.65328148243818826392 -0.27059805007309849219
7 7 5 5 6 4 0. -0.70710678118654752440
7 7 5 5 6 7 0. 0
7 7 5 6 2 3 0. 0.54119610014619698439
7 7 5 6 2 4 -0.50000000000000000000 -0.20710678118654752440
7 7 5 6 2 7 0.45508986056222734130 0.45508986056222734130
7 7 5 6 5 3 0.65328148243818826392 -0.27059805007309849219
7 7 5 6 5 4 0. -0.70710678118654752440
7 7 5 6 5 7 0. 0
7 7 5 6 6 3 -0.42044820762685727151 -0.17415534987450326184
7 7 5 6 6 4 0.32179712645279131236 -0.32179712645279131236
7 7 5 6 6 7 0.70710678118654752440 -0.29289321881345247559
7 7 6 1 6 7 -0.92387953251128675612 0.38268343236508977172
7 7 6 2 5 7 -0.92387953251128675612 0.38268343236508977172
7 7 6 5 2 3 -0.50000000000000000000 -0.20710678118654752440
7 7 6 5 2 4 -0.38268343236508977172 0.38268343236508977172
7 7 6 5 2 7 -0.59460355750136053335 0.24629285775235400967
7 7 6 5 5 3 -0.50000000000000000000 -0.50000000000000000000
7 7 6 5 5 4 0.65328148243818826392 -0.27059805007309849219
7 7 6 5 5 7 0. 0
7 7 6 5 6 3 0. 0.45508986056222734130
7 7 6 5 6 4 0.42044820762685727151 0.17415534987450326184
7 7 6 5 6 7 -0.54119610014619698439 -0.54119610014619698439
7 7 6 6 1 3 -0.50000000000000000000 -0.20710678118654752440
7 7 6 6 1 4 -0.38268343236508977172 0.38268343236508977172
7 7 6 6 1 7 -0.59460355750136053335 0.24629285775235400967
7 7 6 6 5 3 0. 0.45508986056222734130
7 7 6 6 5 4 0.42044820762685727151 0.17415534987450326184
7 7 6 6 5 7 -0.54119610014619698439 -0.54119610014619698439
7 7 6 6 6 3 -0.50000000000000000000 -0.50000000000000000000
7 7 6 6 6 4 0.65328148243818826392 -0.27059805007309849219
7 7 6 6 6 7 0. 0
7 7 7 3 5 5 -0.50000000000000000000 -0.50000000000000000000
7 7 7 3 5 6 0.65328148243818826392 -0.27059805007309849219
7 7 7 3 6 5 0. 0.70710678118654752440
7 7 7 3 6 6 0.65328148243818826392 0.27059805007309849219
7 7 7 4 5 5 0. 0.70710678118654752440
7 7 7 4 5 6 0.65328148243818826392 0.27059805007309849219
7 7 7 4 6 5 -0.50000000000000000000 -0.50000000000000000000
7 7 7 4 6 6 0.65328148243818826392 -0.27059805007309849219
7 7 7 7 1 1 -0.38268343236508977172 0
7 7 7 7 1 2 0.14644660940672623779 -0.35355339059327376220
7 7 7 7 1 5 -0.42044820762685727151 -0.42044820762685727151
7 7 7 7 1 6 0.54934205673390498301 -0.22754493028111367065
7 7 7 7 2 1 -0.38268343236508977172 0
7 7 7 7 2 2 -0.14644660940672623779 0.35355339059327376220
7 7 7 7 2 5 -0.42044820762685727151 -0.42044820762685727151
7 7 7 7 2 6 -0.54934205673390498301 0.22754493028111367065
7 7 7 7 5 1 0.42044820762685727151 0.42044820762685727151
7 7 7 7 5 2 -0.54934205673390498301 0.22754493028111367065
7 7 7 7 5 5 0. -0.38268343236508977172
7 7 7 7 5 6 0.35355339059327376220 0.14644660940672623779
7 7 7 7 6 1 0.42044820762685727151 0.42044820762685727151
7 7 7 7 6 2 0.54934205673390498301 -0.22754493028111367065
7 7 7 7 6 5 0. -0.38268343236508977172
7 7 7 7 6 6 -0.35355339059327376220 -0.14644660940672623779