1 1 1 1 1 1 1.00000000000000000000 0
1 1 2 2 1 2 1.00000000000000000000 0
1 1 3 3 1 3 1.00000000000000000000 0
1 1 4 4 1 4 1.00000000000000000000 0
1 1 5 5 1 5 1.00000000000000000000 0
1 1 6 6 1 6 1.00000000000000000000 0
1 1 7 7 1 7 1.00000000000000000000 0
1 2 1 2 2 2 1.00000000000000000000 0
1 2 2 1 2 1 1.00000000000000000000 0
1 2 3 3 2 3 1.00000000000000000000 0
1 2 4 4 2 4 1.00000000000000000000 0
1 2 5 5 2 5 1.00000000000000000000 0
1 2 6 6 2 6 1.00000000000000000000 0
1 2 7 7 2 7 1.00000000000000000000 0
1 3 1 3 3 3 1.00000000000000000000 0
1 3 2 3 3 3 1.00000000000000000000 0
1 3 3 1 3 1 1.00000000000000000000 0
1 3 3 2 3 2 1.00000000000000000000 0
1 3 3 7 3 7 1.00000000000000000000 0
1 3 4 6 3 6 1.00000000000000000000 0
1 3 4 7 3 7 1.00000000000000000000 0
1 3 5 5 3 5 1.00000000000000000000 0
1 3 5 6 3 6 1.00000000000000000000 0
1 3 6 4 3 4 1.00000000000000000000 0
1 3 6 5 3 5 1.00000000000000000000 0
1 3 7 3 3 3 1.00000000000000000000 0
1 3 7 4 3 4 1.00000000000000000000 0
1 4 1 4 4 4 1.00000000000000000000 0
1 4 2 4 4 4 1.00000000000000000000 0
1 4 3 6 4 6 1.00000000000000000000 0
1 4 3 7 4 7 1.00000000000000000000 0
1 4 4 1 4 1 1.00000000000000000000 0
1 4 4 2 4 2 1.00000000000000000000 0
1 4 4 5 4 5 1.00000000000000000000 0
1 4 5 4 4 4 1.00000000000000000000 0
1 4 5 7 4 7 1.00000000000000000000 0
1 4 6 3 4 3 1.00000000000000000000 0
1 4 6 6 4 6 1.00000000000000000000 0
1 4 7 3 4 3 1.00000000000000000000 0
1 4 7 5 4 5 1.00000000000000000000 0
1 5 1 5 5 5 1.00000000000000000000 0
1 5 2 5 5 5 1.00000000000000000000 0
1 5 3 5 5 5 1.00000000000000000000 0
1 5 3 6 5 6 1.00000000000000000000 0
1 5 4 4 5 4 1.00000000000000000000 0
1 5 4 7 5 7 1.00000000000000000000 0
1 5 5 1 5 1 1.00000000000000000000 0
1 5 5 2 5 2 1.00000000000000000000 0
1 5 5 3 5 3 1.00000000000000000000 0
1 5 6 3 5 3 1.00000000000000000000 0
1 5 6 7 5 7 1.00000000000000000000 0
1 5 7 4 5 4 1.00000000000000000000 0
1 5 7 6 5 6 1.00000000000000000000 0
1 6 1 6 6 6 1.00000000000000000000 0
1 6 2 6 6 6 1.00000000000000000000 0
1 6 3 4 6 4 1.00000000000000000000 0
1 6 3 5 6 5 1.00000000000000000000 0
1 6 4 3 6 3 1.00000000000000000000 0
1 6 4 6 6 6 1.00000000000000000000 0
1 6 5 3 6 3 1.00000000000000000000 0
1 6 5 7 6 7 1.00000000000000000000 0
1 6 6 1 6 1 1.00000000000000000000 0
1 6 6 2 6 2 1.00000000000000000000 0
1 6 6 4 6 4 1.00000000000000000000 0
1 6 7 5 6 5 1.00000000000000000000 0
1 6 7 7 6 7 1.00000000000000000000 0
1 7 1 7 7 7 1.00000000000000000000 0
1 7 2 7 7 7 1.00000000000000000000 0
1 7 3 3 7 3 1.00000000000000000000 0
1 7 3 4 7 4 1.00000000000000000000 0
1 7 4 3 7 3 1.00000000000000000000 0
1 7 4 5 7 5 1.00000000000000000000 0
1 7 5 4 7 4 1.00000000000000000000 0
1 7 5 6 7 6 1.00000000000000000000 0
1 7 6 5 7 5 1.00000000000000000000 0
1 7 6 7 7 7 1.00000000000000000000 0
1 7 7 1 7 1 1.00000000000000000000 0
1 7 7 2 7 2 1.00000000000000000000 0
1 7 7 6 7 6 1.00000000000000000000 0
2 1 1 2 2 1 1.00000000000000000000 0
2 1 2 1 2 2 1.00000000000000000000 0
2 1 3 3 2 3 1.00000000000000000000 0
2 1 4 4 2 4 1.00000000000000000000 0
2 1 5 5 2 5 1.00000000000000000000 0
2 1 6 6 2 6 1.00000000000000000000 0
2 1 7 7 2 7 1.00000000000000000000 0
2 2 1 1 1 2 1.00000000000000000000 0
2 2 2 2 1 1 1.00000000000000000000 0
2 2 3 3 1 3 1.00000000000000000000 0
2 2 4 4 1 4 1.00000000000000000000 0
2 2 5 5 1 5 1.00000000000000000000 0
2 2 6 6 1 6 1.00000000000000000000 0
2 2 7 7 1 7 1.00000000000000000000 0
2 3 1 3 3 3 1.00000000000000000000 0
2 3 2 3 3 3 1.00000000000000000000 0
2 3 3 1 3 2 -1.00000000000000000000 0
2 3 3 2 3 1 -1.00000000000000000000 0
2 3 3 7 3 7 -1.00000000000000000000 0
2 3 4 6 3 6 1.00000000000000000000 0
2 3 4 7 3 7 1.00000000000000000000 0
2 3 5 5 3 5 1.00000000000000000000 0
2 3 5 6 3 6 -1.00000000000000000000 0
2 3 6 4 3 4 1.00000000000000000000 0
2 3 6 5 3 5 -1.00000000000000000000 0
2 3 7 3 3 3 -1.00000000000000000000 0
2 3 7 4 3 4 -1.00000000000000000000 0
2 4 1 4 4 4 1.00000000000000000000 0
2 4 2 4 4 4 1.00000000000000000000 0
2 4 3 6 4 6 -1.00000000000000000000 0
2 4 3 7 4 7 1.00000000000000000000 0
2 4 4 1 4 2 -1.00000000000000000000 0
2 4 4 2 4 1 -1.00000000000000000000 0
2 4 4 5 4 5 -1.00000000000000000000 0
2 4 5 4 4 4 -1.00000000000000000000 0
2 4 5 7 4 7 -1.00000000000000000000 0
2 4 6 3 4 3 1.00000000000000000000 0
2 4 6 6 4 6 1.00000000000000000000 0
2 4 7 3 4 3 -1.00000000000000000000 0
2 4 7 5 4 5 1.00000000000000000000 0
2 5 1 5 5 5 1.00000000000000000000 0
2 5 2 5 5 5 1.00000000000000000000 0
2 5 3 5 5 5 -1.00000000000000000000 0
2 5 3 6 5 6 -1.00000000000000000000 0
2 5 4 4 5 4 -1.00000000000000000000 0
2 5 4 7 5 7 1.00000000000000000000 0
2 5 5 1 5 2 -1.00000000000000000000 0
2 5 5 2 5 1 -1.00000000000000000000 0
2 5 5 3 5 3 1.00000000000000000000 0
2 5 6 3 5 3 -1.00000000000000000000 0
2 5 6 7 5 7 -1.00000000000000000000 0
2 5 7 4 5 4 1.00000000000000000000 0
2 5 7 6 5 6 1.00000000000000000000 0
2 6 1 6 6 6 1.00000000000000000000 0
2 6 2 6 6 6 1.00000000000000000000 0
2 6 3 4 6 4 -1.00000000000000000000 0
2 6 3 5 6 5 -1.00000000000000000000 0
2 6 4 3 6 3 1.00000000000000000000 0
2 6 4 6 6 6 -1.00000000000000000000 0
2 6 5 3 6 3 -1.00000000000000000000 0
2 6 5 7 6 7 1.00000000000000000000 0
2 6 6 1 6 2 1.00000000000000000000 0
2 6 6 2 6 1 1.00000000000000000000 0
2 6 6 4 6 4 1.00000000000000000000 0
2 6 7 5 6 5 1.00000000000000000000 0
2 6 7 7 6 7 -1.00000000000000000000 0
2 7 1 7 7 7 1.00000000000000000000 0
2 7 2 7 7 7 1.00000000000000000000 0
2 7 3 3 7 3 -1.00000000000000000000 0
2 7 3 4 7 4 1.00000000000000000000 0
2 7 4 3 7 3 1.00000000000000000000 0
2 7 4 5 7 5 1.00000000000000000000 0
2 7 5 4 7 4 -1.00000000000000000000 0
2 7 5 6 7 6 1.00000000000000000000 0
2 7 6 5 7 5 -1.00000000000000000000 0
2 7 6 7 7 7 -1.00000000000000000000 0
2 7 7 1 7 2 1.00000000000000000000 0
2 7 7 2 7 1 1.00000000000000000000 0
2 7 7 6 7 6 -1.00000000000000000000 0
3 1 1 3 3 1 1.00000000000000000000 0
3 1 2 3 3 2 1.00000000000000000000 0
3 1 3 1 3 3 1.00000000000000000000 0
3 1 3 2 3 3 1.00000000000000000000 0
3 1 3 7 3 3 1.00000000000000000000 0
3 1 4 6 3 4 1.00000000000000000000 0
3 1 4 7 3 4 1.00000000000000000000 0
3 1 5 5 3 5 1.00000000000000000000 0
3 1 5 6 3 5 1.00000000000000000000 0
3 1 6 4 3 6 1.00000000000000000000 0
3 1 6 5 3 6 1.00000000000000000000 0
3 1 7 3 3 7 1.00000000000000000000 0
3 1 7 4 3 7 1.00000000000000000000 0
3 2 1 3 3 2 1.00000000000000000000 0
3 2 2 3 3 1 1.00000000000000000000 0
3 2 3 1 3 3 1.00000000000000000000 0
3 2 3 2 3 3 1.00000000000000000000 0
3 2 3 7 3 3 -1.00000000000000000000 0
3 2 4 6 3 4 1.00000000000000000000 0
3 2 4 7 3 4 -1.00000000000000000000 0
3 2 5 5 3 5 1.00000000000000000000 0
3 2 5 6 3 5 -1.00000000000000000000 0
3 2 6 4 3 6 1.00000000000000000000 0
3 2 6 5 3 6 -1.00000000000000000000 0
3 2 7 3 3 7 -1.00000000000000000000 0
3 2 7 4 3 7 1.00000000000000000000 0
3 3 1 1 1 3 1.00000000000000000000 0
3 3 1 2 2 3 1.00000000000000000000 0
3 3 1 7 7 3 1.00000000000000000000 0
3 3 2 1 2 3 -1.00000000000000000000 0
3 3 2 2 1 3 -1.00000000000000000000 0
3 3 2 7 7 3 -1.00000000000000000000 0
3 3 3 3 1 1 0.50000000000000000000 0
3 3 3 3 1 2 -0.50000000000000000000 0
3 3 3 3 1 7 0.70710678118654752440 0
3 3 3 3 2 1 -0.50000000000000000000 0
3 3 3 3 2 2 0.50000000000000000000 0
3 3 3 3 2 7 0.70710678118654752440 0
3 3 3 3 7 1 0.70710678118654752440 0
3 3 3 3 7 2 0.70710678118654752440 0
3 3 3 3 7 7 0. 0
3 3 3 4 7 7 -0.41541501300188642552 -0.90963199535451837141
3 3 4 3 7 7 0.41541501300188642552 -0.90963199535451837141
3 3 4 4 1 6 -0.70710678118654752440 0
3 3 4 4 1 7 0.70710678118654752440 0
3 3 4 4 2 6 0.70710678118654752440 0
3 3 4 4 2 7 0.70710678118654752440 0
3 3 4 5 7 6 -0.41541501300188642552 0.90963199535451837141
3 3 5 4 7 6 -0.41541501300188642552 -0.90963199535451837141
3 3 5 5 1 5 -0.70710678118654752440 0
3 3 5 5 1 6 0.70710678118654752440 0
3 3 5 5 2 5 0.70710678118654752440 0
3 3 5 5 2 6 0.70710678118654752440 0
3 3 5 6 7 5 1.00000000000000000000 0
3 3 6 5 7 5 1.00000000000000000000 0
3 3 6 6 1 4 -0.70710678118654752440 0
3 3 6 6 1 5 0.70710678118654752440 0
3 3 6 6 2 4 0.70710678118654752440 0
3 3 6 6 2 5 0.70710678118654752440 0
3 3 6 7 7 4 1.00000000000000000000 0
3 3 7 1 7 3 1.00000000000000000000 0
3 3 7 2 7 3 1.00000000000000000000 0
3 3 7 6 7 4 1.00000000000000000000 0
3 3 7 7 1 3 0.70710678118654752440 0
3 3 7 7 1 4 0.70710678118654752440 0
3 3 7 7 2 3 0.70710678118654752440 0
3 3 7 7 2 4 -0.70710678118654752440 0
3 4 1 6 6 4 1.00000000000000000000 0
3 4 1 7 7 4 1.00000000000000000000 0
3 4 2 6 6 4 -1.00000000000000000000 0
3 4 2 7 7 4 1.00000000000000000000 0
3 4 3 3 7 7 -0.41541501300188642552 -0.90963199535451837141
3 4 3 4 6 6 0. 0
3 4 3 4 6 7 0.65486073394528506405 -0.75574957435425828377
3 4 3 4 7 6 0.65486073394528506405 -0.75574957435425828377
3 4 3 4 7 7 0. 0
3 4 3 5 6 6 -0.95949297361449738989 -0.28173255684142969771
3 4 4 3 6 1 0.70710678118654752440 0
3 4 4 3 6 2 -0.70710678118654752440 0
3 4 4 3 7 1 -0.70710678118654752440 0
3 4 4 3 7 2 -0.70710678118654752440 0
3 4 4 5 7 5 1.00000000000000000000 0
3 4 4 6 6 5 1.00000000000000000000 0
3 4 5 3 6 7 -0.41541501300188642552 -0.90963199535451837141
3 4 5 4 7 7 0.14231483827328514044 0.98982144188093273237
3 4 5 6 7 4 1.00000000000000000000 0
3 4 5 7 6 4 -1.00000000000000000000 0
3 4 6 1 6 3 1.00000000000000000000 0
3 4 6 2 6 3 -1.00000000000000000000 0
3 4 6 4 6 6 -0.14231483827328514044 0.98982144188093273237
3 4 6 5 7 6 0.84125353283118116886 0.54064081745559758210
3 4 6 7 7 3 -1.00000000000000000000 0
3 4 7 1 7 3 -1.00000000000000000000 0
3 4 7 2 7 3 1.00000000000000000000 0
3 4 7 5 6 5 -0.65486073394528506405 -0.75574957435425828377
3 4 7 6 7 5 -0.65486073394528506405 -0.75574957435425828377
3 4 7 7 6 3 1.00000000000000000000 0
3 5 1 5 5 5 1.00000000000000000000 0
3 5 1 6 6 5 1.00000000000000000000 0
3 5 2 5 5 5 -1.00000000000000000000 0
3 5 2 6 6 5 -1.00000000000000000000 0
3 5 3 4 6 6 -0.95949297361449738989 -0.28173255684142969771
3 5 3 5 5 5 0. 0
3 5 3 5 5 6 -0.14231483827328514044 -0.98982144188093273237
3 5 3 5 6 5 -0.14231483827328514044 -0.98982144188093273237
3 5 3 5 6 6 0. 0
3 5 3 6 5 5 0.14231483827328514044 -0.98982144188093273237
3 5 4 3 6 7 -0.41541501300188642552 0.90963199535451837141
3 5 4 4 5 7 -1.00000000000000000000 0
3 5 4 6 6 4 1.00000000000000000000 0
3 5 4 7 5 4 1.00000000000000000000 0
3 5 5 1 5 3 -1.00000000000000000000 0
3 5 5 2 5 3 -1.00000000000000000000 0
3 5 5 3 5 1 0.70710678118654752440 0
3 5 5 3 5 2 -0.70710678118654752440 0
3 5 5 3 6 1 -0.70710678118654752440 0
3 5 5 3 6 2 -0.70710678118654752440 0
3 5 5 7 6 3 -1.00000000000000000000 0
3 5 6 1 6 3 -1.00000000000000000000 0
3 5 6 2 6 3 -1.00000000000000000000 0
3 5 6 3 5 7 1.00000000000000000000 0
3 5 6 4 6 7 0.84125353283118116886 0.54064081745559758210
3 5 6 7 5 3 -1.00000000000000000000 0
3 5 7 4 5 6 -0.65486073394528506405 -0.75574957435425828377
3 5 7 5 6 6 -0.95949297361449738989 0.28173255684142969771
3 5 7 6 5 4 -0.65486073394528506405 0.75574957435425828377
3 5 7 7 6 4 -0.65486073394528506405 0.75574957435425828377
3 6 1 4 4 6 1.00000000000000000000 0
3 6 1 5 5 6 1.00000000000000000000 0
3 6 2 4 4 6 -1.00000000000000000000 0
3 6 2 5 5 6 -1.00000000000000000000 0
3 6 3 5 5 5 0.14231483827328514044 -0.98982144188093273237
3 6 3 6 4 4 0. 0
3 6 3 6 4 5 0.95949297361449738989 -0.28173255684142969771
3 6 3 6 5 4 0.95949297361449738989 -0.28173255684142969771
3 6 3 6 5 5 0. 0
3 6 3 7 4 4 -0.65486073394528506405 -0.75574957435425828377
3 6 4 1 4 3 -1.00000000000000000000 0
3 6 4 2 4 3 -1.00000000000000000000 0
3 6 4 4 5 6 -1.00000000000000000000 0
3 6 4 5 4 6 -1.00000000000000000000 0
3 6 4 7 5 3 -0.41541501300188642552 -0.90963199535451837141
3 6 5 1 5 3 -1.00000000000000000000 0
3 6 5 2 5 3 1.00000000000000000000 0
3 6 5 3 5 7 -1.00000000000000000000 0
3 6 5 4 4 7 1.00000000000000000000 0
3 6 5 7 4 3 0.41541501300188642552 -0.90963199535451837141
3 6 6 3 4 1 -0.70710678118654752440 0
3 6 6 3 4 2 -0.70710678118654752440 0
3 6 6 3 5 1 -0.70710678118654752440 0
3 6 6 3 5 2 0.70710678118654752440 0
3 6 6 6 4 4 -0.14231483827328514044 -0.98982144188093273237
3 6 6 7 5 4 0.84125353283118116886 -0.54064081745559758210
3 6 7 3 4 7 -1.00000000000000000000 0
3 6 7 4 5 7 -0.65486073394528506405 -0.75574957435425828377
3 6 7 5 4 5 -0.65486073394528506405 0.75574957435425828377
3 6 7 6 5 5 -0.95949297361449738989 -0.28173255684142969771
3 7 1 3 3 7 1.00000000000000000000 0
3 7 1 4 4 7 1.00000000000000000000 0
3 7 2 3 3 7 -1.00000000000000000000 0
3 7 2 4 4 7 1.00000000000000000000 0
3 7 3 1 3 3 1.00000000000000000000 0
3 7 3 2 3 3 -1.00000000000000000000 0
3 7 3 6 4 4 -0.65486073394528506405 -0.75574957435425828377
3 7 3 7 3 3 0. 0
3 7 3 7 3 4 -0.41541501300188642552 0.90963199535451837141
3 7 3 7 4 3 -0.41541501300188642552 0.90963199535451837141
3 7 3 7 4 4 0. 0
3 7 4 1 4 3 -1.00000000000000000000 0
3 7 4 2 4 3 1.00000000000000000000 0
3 7 4 5 4 5 -1.00000000000000000000 0
3 7 4 6 3 5 -0.41541501300188642552 -0.90963199535451837141
3 7 4 7 3 3 0.41541501300188642552 0.90963199535451837141
3 7 5 4 4 6 -1.00000000000000000000 0
3 7 5 5 3 6 1.00000000000000000000 0
3 7 5 6 3 4 0.41541501300188642552 -0.90963199535451837141
3 7 5 7 4 4 0.14231483827328514044 -0.98982144188093273237
3 7 6 3 4 7 -1.00000000000000000000 0
3 7 6 4 3 7 1.00000000000000000000 0
3 7 6 5 3 5 -1.00000000000000000000 0
3 7 6 6 4 5 0.84125353283118116886 -0.54064081745559758210
3 7 7 3 3 1 0.70710678118654752440 0
3 7 7 3 3 2 -0.70710678118654752440 0
3 7 7 3 4 1 -0.70710678118654752440 0
3 7 7 3 4 2 -0.70710678118654752440 0
3 7 7 4 3 6 -1.00000000000000000000 0
3 7 7 5 4 6 -0.65486073394528506405 0.75574957435425828377
4 1 1 4 4 1 1.00000000000000000000 0
4 1 2 4 4 2 1.00000000000000000000 0
4 1 3 6 4 3 1.00000000000000000000 0
4 1 3 7 4 3 1.00000000000000000000 0
4 1 4 1 4 4 1.00000000000000000000 0
4 1 4 2 4 4 1.00000000000000000000 0
4 1 4 5 4 4 1.00000000000000000000 0
4 1 5 4 4 5 1.00000000000000000000 0
4 1 5 7 4 5 1.00000000000000000000 0
4 1 6 3 4 6 1.00000000000000000000 0
4 1 6 6 4 6 1.00000000000000000000 0
4 1 7 3 4 7 1.00000000000000000000 0
4 1 7 5 4 7 1.00000000000000000000 0
4 2 1 4 4 2 1.00000000000000000000 0
4 2 2 4 4 1 1.00000000000000000000 0
4 2 3 6 4 3 1.00000000000000000000 0
4 2 3 7 4 3 -1.00000000000000000000 0
4 2 4 1 4 4 1.00000000000000000000 0
4 2 4 2 4 4 1.00000000000000000000 0
4 2 4 5 4 4 -1.00000000000000000000 0
4 2 5 4 4 5 -1.00000000000000000000 0
4 2 5 7 4 5 1.00000000000000000000 0
4 2 6 3 4 6 -1.00000000000000000000 0
4 2 6 6 4 6 1.00000000000000000000 0
4 2 7 3 4 7 1.00000000000000000000 0
4 2 7 5 4 7 -1.00000000000000000000 0
4 3 1 6 6 3 1.00000000000000000000 0
4 3 1 7 7 3 1.00000000000000000000 0
4 3 2 6 6 3 1.00000000000000000000 0
4 3 2 7 7 3 1.00000000000000000000 0
4 3 3 3 7 7 0.41541501300188642552 -0.90963199535451837141
4 3 3 4 6 1 -0.70710678118654752440 0
4 3 3 4 6 2 0.70710678118654752440 0
4 3 3 4 7 1 0.70710678118654752440 0
4 3 3 4 7 2 0.70710678118654752440 0
4 3 3 5 6 7 0.41541501300188642552 -0.90963199535451837141
4 3 4 3 6 6 0. 0
4 3 4 3 6 7 0.65486073394528506405 0.75574957435425828377
4 3 4 3 7 6 0.65486073394528506405 0.75574957435425828377
4 3 4 3 7 7 0. 0
4 3 4 5 7 7 -0.14231483827328514044 0.98982144188093273237
4 3 4 6 6 6 0.14231483827328514044 0.98982144188093273237
4 3 5 3 6 6 0.95949297361449738989 -0.28173255684142969771
4 3 5 4 7 5 1.00000000000000000000 0
4 3 5 6 7 6 -0.84125353283118116886 0.54064081745559758210
4 3 5 7 6 5 0.65486073394528506405 -0.75574957435425828377
4 3 6 1 6 4 -1.00000000000000000000 0
4 3 6 2 6 4 -1.00000000000000000000 0
4 3 6 4 6 5 1.00000000000000000000 0
4 3 6 5 7 4 1.00000000000000000000 0
4 3 6 7 7 5 0.65486073394528506405 -0.75574957435425828377
4 3 7 1 7 4 1.00000000000000000000 0
4 3 7 2 7 4 -1.00000000000000000000 0
4 3 7 5 6 4 -1.00000000000000000000 0
4 3 7 6 7 3 1.00000000000000000000 0
4 3 7 7 6 3 -1.00000000000000000000 0
4 4 1 1 1 4 1.00000000000000000000 0
4 4 1 2 2 4 1.00000000000000000000 0
4 4 1 5 5 4 1.00000000000000000000 0
4 4 2 1 2 4 -1.00000000000000000000 0
4 4 2 2 1 4 -1.00000000000000000000 0
4 4 2 5 5 4 -1.00000000000000000000 0
4 4 3 3 1 6 0.70710678118654752440 0
4 4 3 3 1 7 -0.70710678118654752440 0
4 4 3 3 2 6 -0.70710678118654752440 0
4 4 3 3 2 7 -0.70710678118654752440 0
4 4 3 5 5 7 1.00000000000000000000 0
4 4 3 6 5 6 1.00000000000000000000 0
4 4 4 4 1 1 0.50000000000000000000 0
4 4 4 4 1 2 -0.50000000000000000000 0
4 4 4 4 1 5 0.70710678118654752440 0
4 4 4 4 2 1 -0.50000000000000000000 0
4 4 4 4 2 2 0.50000000000000000000 0
4 4 4 4 2 5 0.70710678118654752440 0
4 4 4 4 5 1 0.70710678118654752440 0
4 4 4 4 5 2 0.70710678118654752440 0
4 4 4 4 5 5 0. 0
4 4 4 7 5 5 0.65486073394528506405 -0.75574957435425828377
4 4 5 1 5 4 1.00000000000000000000 0
4 4 5 2 5 4 -1.00000000000000000000 0
4 4 5 3 5 7 -1.00000000000000000000 0
4 4 5 5 1 4 0.70710678118654752440 0
4 4 5 5 1 7 0.70710678118654752440 0
4 4 5 5 2 4 0.70710678118654752440 0
4 4 5 5 2 7 -0.70710678118654752440 0
4 4 6 3 5 6 -1.00000000000000000000 0
4 4 6 6 1 3 0.70710678118654752440 0
4 4 6 6 1 6 0.70710678118654752440 0
4 4 6 6 2 3 0.70710678118654752440 0
4 4 6 6 2 6 -0.70710678118654752440 0
4 4 6 7 5 3 -1.00000000000000000000 0
4 4 7 4 5 5 0.65486073394528506405 0.75574957435425828377
4 4 7 6 5 3 -1.00000000000000000000 0
4 4 7 7 1 3 -0.70710678118654752440 0
4 4 7 7 1 5 0.70710678118654752440 0
4 4 7 7 2 3 0.70710678118654752440 0
4 4 7 7 2 5 0.70710678118654752440 0
4 5 1 4 4 5 1.00000000000000000000 0
4 5 1 7 7 5 1.00000000000000000000 0
4 5 2 4 4 5 -1.00000000000000000000 0
4 5 2 7 7 5 1.00000000000000000000 0
4 5 3 3 7 6 0.41541501300188642552 -0.90963199535451837141
4 5 3 4 7 5 -1.00000000000000000000 0
4 5 3 6 4 6 1.00000000000000000000 0
4 5 3 7 4 5 1.00000000000000000000 0
4 5 4 1 4 4 1.00000000000000000000 0
4 5 4 2 4 4 -1.00000000000000000000 0
4 5 4 3 7 7 -0.14231483827328514044 0.98982144188093273237
4 5 4 5 4 4 0. 0
4 5 4 5 4 7 0.65486073394528506405 0.75574957435425828377
4 5 4 5 7 4 0.65486073394528506405 0.75574957435425828377
4 5 4 5 7 7 0. 0
4 5 5 4 4 1 0.70710678118654752440 0
4 5 5 4 4 2 0.70710678118654752440 0
4 5 5 4 7 1 0.70710678118654752440 0
4 5 5 4 7 2 -0.70710678118654752440 0
4 5 5 6 7 3 -0.65486073394528506405 -0.75574957435425828377
4 5 5 7 4 3 1.00000000000000000000 0
4 5 6 3 4 7 1.00000000000000000000 0
4 5 6 5 7 7 1.00000000000000000000 0
4 5 6 6 4 3 -1.00000000000000000000 0
4 5 6 7 7 3 -0.65486073394528506405 -0.75574957435425828377
4 5 7 1 7 4 -1.00000000000000000000 0
4 5 7 2 7 4 -1.00000000000000000000 0
4 5 7 3 4 6 -1.00000000000000000000 0
4 5 7 5 4 4 0.65486073394528506405 -0.75574957435425828377
4 5 7 6 7 6 1.00000000000000000000 0
4 6 1 3 3 6 1.00000000000000000000 0
4 6 1 6 6 6 1.00000000000000000000 0
4 6 2 3 3 6 1.00000000000000000000 0
4 6 2 6 6 6 -1.00000000000000000000 0
4 6 3 1 3 4 -1.00000000000000000000 0
4 6 3 2 3 4 -1.00000000000000000000 0
4 6 3 4 6 5 -1.00000000000000000000 0
4 6 3 5 6 4 -1.00000000000000000000 0
4 6 3 7 3 5 0.41541501300188642552 0.90963199535451837141
4 6 4 3 6 6 0.14231483827328514044 0.98982144188093273237
4 6 4 6 3 3 0. 0
4 6 4 6 3 6 0.14231483827328514044 -0.98982144188093273237
4 6 4 6 6 3 0.14231483827328514044 -0.98982144188093273237
4 6 4 6 6 6 0. 0
4 6 4 7 3 3 -0.65486073394528506405 0.75574957435425828377
4 6 5 3 6 7 0.84125353283118116886 -0.54064081745559758210
4 6 5 5 3 7 0.65486073394528506405 0.75574957435425828377
4 6 5 6 3 3 0.95949297361449738989 0.28173255684142969771
4 6 5 7 6 3 -0.84125353283118116886 -0.54064081745559758210
4 6 6 1 6 4 1.00000000000000000000 0
4 6 6 2 6 4 -1.00000000000000000000 0
4 6 6 4 3 1 -0.70710678118654752440 0
4 6 6 4 3 2 0.70710678118654752440 0
4 6 6 4 6 1 0.70710678118654752440 0
4 6 6 4 6 2 0.70710678118654752440 0
4 6 6 5 3 4 1.00000000000000000000 0
4 6 7 3 3 7 1.00000000000000000000 0
4 6 7 4 3 5 -1.00000000000000000000 0
4 6 7 5 6 7 1.00000000000000000000 0
4 6 7 7 6 5 1.00000000000000000000 0
4 7 1 3 3 7 1.00000000000000000000 0
4 7 1 5 5 7 1.00000000000000000000 0
4 7 2 3 3 7 1.00000000000000000000 0
4 7 2 5 5 7 1.00000000000000000000 0
4 7 3 1 3 4 -1.00000000000000000000 0
4 7 3 2 3 4 1.00000000000000000000 0
4 7 3 5 5 4 -1.00000000000000000000 0
4 7 3 6 5 3 0.41541501300188642552 0.90963199535451837141
4 7 3 7 3 3 0.41541501300188642552 0.90963199535451837141
4 7 4 4 5 5 0.65486073394528506405 -0.75574957435425828377
4 7 4 6 3 3 -0.65486073394528506405 0.75574957435425828377
4 7 4 7 3 3 0. 0
4 7 4 7 3 5 0.14231483827328514044 0.98982144188093273237
4 7 4 7 5 3 0.14231483827328514044 0.98982144188093273237
4 7 4 7 5 5 0. 0
4 7 5 1 5 4 1.00000000000000000000 0
4 7 5 2 5 4 1.00000000000000000000 0
4 7 5 3 5 6 -0.65486073394528506405 0.75574957435425828377
4 7 5 5 3 4 -1.00000000000000000000 0
4 7 5 6 3 6 0.84125353283118116886 0.54064081745559758210
4 7 6 3 5 7 0.65486073394528506405 -0.75574957435425828377
4 7 6 4 3 5 -1.00000000000000000000 0
4 7 6 5 3 7 -0.65486073394528506405 -0.75574957435425828377
4 7 6 7 5 5 1.00000000000000000000 0
4 7 7 3 3 6 -1.00000000000000000000 0
4 7 7 4 3 1 -0.70710678118654752440 0
4 7 7 4 3 2 -0.70710678118654752440 0
4 7 7 4 5 1 -0.70710678118654752440 0
4 7 7 4 5 2 0.70710678118654752440 0
4 7 7 6 5 6 1.00000000000000000000 0
5 1 1 5 5 1 1.00000000000000000000 0
5 1 2 5 5 2 1.00000000000000000000 0
5 1 3 5 5 3 1.00000000000000000000 0
5 1 3 6 5 3 1.00000000000000000000 0
5 1 4 4 5 4 1.00000000000000000000 0
5 1 4 7 5 4 1.00000000000000000000 0
5 1 5 1 5 5 1.00000000000000000000 0
5 1 5 2 5 5 1.00000000000000000000 0
5 1 5 3 5 5 1.00000000000000000000 0
5 1 6 3 5 6 1.00000000000000000000 0
5 1 6 7 5 6 1.00000000000000000000 0
5 1 7 4 5 7 1.00000000000000000000 0
5 1 7 6 5 7 1.00000000000000000000 0
5 2 1 5 5 2 1.00000000000000000000 0
5 2 2 5 5 1 1.00000000000000000000 0
5 2 3 5 5 3 1.00000000000000000000 0
5 2 3 6 5 3 -1.00000000000000000000 0
5 2 4 4 5 4 -1.00000000000000000000 0
5 2 4 7 5 4 1.00000000000000000000 0
5 2 5 1 5 5 1.00000000000000000000 0
5 2 5 2 5 5 1.00000000000000000000 0
5 2 5 3 5 5 -1.00000000000000000000 0
5 2 6 3 5 6 -1.00000000000000000000 0
5 2 6 7 5 6 1.00000000000000000000 0
5 2 7 4 5 7 1.00000000000000000000 0
5 2 7 6 5 7 -1.00000000000000000000 0
5 3 1 5 5 3 1.00000000000000000000 0
5 3 1 6 6 3 1.00000000000000000000 0
5 3 2 5 5 3 1.00000000000000000000 0
5 3 2 6 6 3 -1.00000000000000000000 0
5 3 3 4 6 7 0.41541501300188642552 0.90963199535451837141
5 3 3 5 5 1 -0.70710678118654752440 0
5 3 3 5 5 2 0.70710678118654752440 0
5 3 3 5 6 1 0.70710678118654752440 0
5 3 3 5 6 2 0.70710678118654752440 0
5 3 3 6 5 7 -1.00000000000000000000 0
5 3 4 3 6 6 0.95949297361449738989 -0.28173255684142969771
5 3 4 4 5 7 1.00000000000000000000 0
5 3 4 6 6 7 -0.84125353283118116886 0.54064081745559758210
5 3 4 7 5 6 0.65486073394528506405 -0.75574957435425828377
5 3 5 1 5 5 1.00000000000000000000 0
5 3 5 2 5 5 -1.00000000000000000000 0
5 3 5 3 5 5 0. 0
5 3 5 3 5 6 -0.14231483827328514044 0.98982144188093273237
5 3 5 3 6 5 -0.14231483827328514044 0.98982144188093273237
5 3 5 3 6 6 0. 0
5 3 5 7 6 6 0.95949297361449738989 0.28173255684142969771
5 3 6 1 6 5 1.00000000000000000000 0
5 3 6 2 6 5 1.00000000000000000000 0
5 3 6 3 5 5 0.14231483827328514044 0.98982144188093273237
5 3 6 4 6 4 -1.00000000000000000000 0
5 3 6 7 5 4 0.65486073394528506405 0.75574957435425828377
5 3 7 4 5 4 -1.00000000000000000000 0
5 3 7 5 6 3 -1.00000000000000000000 0
5 3 7 6 5 3 1.00000000000000000000 0
5 3 7 7 6 4 -0.65486073394528506405 -0.75574957435425828377
5 4 1 4 4 4 1.00000000000000000000 0
5 4 1 7 7 4 1.00000000000000000000 0
5 4 2 4 4 4 -1.00000000000000000000 0
5 4 2 7 7 4 -1.00000000000000000000 0
5 4 3 3 7 6 0.41541501300188642552 0.90963199535451837141
5 4 3 4 7 7 0.14231483827328514044 0.98982144188093273237
5 4 3 6 4 7 1.00000000000000000000 0
5 4 3 7 4 6 -1.00000000000000000000 0
5 4 4 1 4 5 1.00000000000000000000 0
5 4 4 2 4 5 -1.00000000000000000000 0
5 4 4 3 7 5 -1.00000000000000000000 0
5 4 4 5 4 1 0.70710678118654752440 0
5 4 4 5 4 2 0.70710678118654752440 0
5 4 4 5 7 1 0.70710678118654752440 0
5 4 4 5 7 2 -0.70710678118654752440 0
5 4 5 4 4 4 0. 0
5 4 5 4 4 7 0.65486073394528506405 -0.75574957435425828377
5 4 5 4 7 4 0.65486073394528506405 -0.75574957435425828377
5 4 5 4 7 7 0. 0
5 4 5 6 7 7 -1.00000000000000000000 0
5 4 5 7 4 4 0.65486073394528506405 0.75574957435425828377
5 4 6 3 4 6 -1.00000000000000000000 0
5 4 6 5 7 3 -0.65486073394528506405 0.75574957435425828377
5 4 6 6 4 3 1.00000000000000000000 0
5 4 6 7 7 6 -1.00000000000000000000 0
5 4 7 1 7 5 -1.00000000000000000000 0
5 4 7 2 7 5 1.00000000000000000000 0
5 4 7 3 4 5 -1.00000000000000000000 0
5 4 7 5 4 3 -1.00000000000000000000 0
5 4 7 6 7 3 -0.65486073394528506405 0.75574957435425828377
5 5 1 1 1 5 1.00000000000000000000 0
5 5 1 2 2 5 1.00000000000000000000 0
5 5 1 3 3 5 1.00000000000000000000 0
5 5 2 1 2 5 -1.00000000000000000000 0
5 5 2 2 1 5 -1.00000000000000000000 0
5 5 2 3 3 5 1.00000000000000000000 0
5 5 3 1 3 5 -1.00000000000000000000 0
5 5 3 2 3 5 -1.00000000000000000000 0
5 5 3 3 1 5 0.70710678118654752440 0
5 5 3 3 1 6 -0.70710678118654752440 0
5 5 3 3 2 5 -0.70710678118654752440 0
5 5 3 3 2 6 -0.70710678118654752440 0
5 5 3 7 3 6 1.00000000000000000000 0
5 5 4 4 1 4 0.70710678118654752440 0
5 5 4 4 1 7 0.70710678118654752440 0
5 5 4 4 2 4 0.70710678118654752440 0
5 5 4 4 2 7 -0.70710678118654752440 0
5 5 4 6 3 7 -0.65486073394528506405 -0.75574957435425828377
5 5 4 7 3 4 1.00000000000000000000 0
5 5 5 5 1 1 0.50000000000000000000 0
5 5 5 5 1 2 -0.50000000000000000000 0
5 5 5 5 1 3 0.70710678118654752440 0
5 5 5 5 2 1 -0.50000000000000000000 0
5 5 5 5 2 2 0.50000000000000000000 0
5 5 5 5 2 3 0.70710678118654752440 0
5 5 5 5 3 1 0.70710678118654752440 0
5 5 5 5 3 2 0.70710678118654752440 0
5 5 5 5 3 3 0. 0
5 5 5 6 3 3 0.14231483827328514044 0.98982144188093273237
5 5 6 4 3 7 0.65486073394528506405 -0.75574957435425828377
5 5 6 5 3 3 0.14231483827328514044 -0.98982144188093273237
5 5 6 6 1 3 -0.70710678118654752440 0
5 5 6 6 1 7 -0.70710678118654752440 0
5 5 6 6 2 3 -0.70710678118654752440 0
5 5 6 6 2 7 0.70710678118654752440 0
5 5 7 3 3 6 -1.00000000000000000000 0
5 5 7 4 3 4 -1.00000000000000000000 0
5 5 7 7 1 4 0.70710678118654752440 0
5 5 7 7 1 6 -0.70710678118654752440 0
5 5 7 7 2 4 -0.70710678118654752440 0
5 5 7 7 2 6 -0.70710678118654752440 0
5 6 1 3 3 6 1.00000000000000000000 0
5 6 1 7 7 6 1.00000000000000000000 0
5 6 2 3 3 6 -1.00000000000000000000 0
5 6 2 7 7 6 1.00000000000000000000 0
5 6 3 1 3 5 -1.00000000000000000000 0
5 6 3 2 3 5 1.00000000000000000000 0
5 6 3 3 7 5 1.00000000000000000000 0
5 6 3 4 7 4 1.00000000000000000000 0
5 6 3 7 3 4 -0.41541501300188642552 0.90963199535451837141
5 6 4 3 7 6 0.84125353283118116886 -0.54064081745559758210
5 6 4 5 7 3 0.65486073394528506405 0.75574957435425828377
5 6 4 6 3 3 0.95949297361449738989 0.28173255684142969771
5 6 4 7 3 6 -0.84125353283118116886 -0.54064081745559758210
5 6 5 4 7 7 -1.00000000000000000000 0
5 6 5 5 3 3 0.14231483827328514044 0.98982144188093273237
5 6 5 6 3 3 0. 0
5 6 5 6 3 7 0.95949297361449738989 -0.28173255684142969771
5 6 5 6 7 3 0.95949297361449738989 -0.28173255684142969771
5 6 5 6 7 7 0. 0
5 6 6 4 3 4 1.00000000000000000000 0
5 6 6 5 3 1 -0.70710678118654752440 0
5 6 6 5 3 2 0.70710678118654752440 0
5 6 6 5 7 1 0.70710678118654752440 0
5 6 6 5 7 2 0.70710678118654752440 0
5 6 6 7 7 4 -1.00000000000000000000 0
5 6 7 1 7 5 1.00000000000000000000 0
5 6 7 2 7 5 1.00000000000000000000 0
5 6 7 3 3 5 1.00000000000000000000 0
5 6 7 4 3 7 0.65486073394528506405 -0.75574957435425828377
5 6 7 6 7 7 1.00000000000000000000 0
5 7 1 4 4 7 1.00000000000000000000 0
5 7 1 6 6 7 1.00000000000000000000 0
5 7 2 4 4 7 -1.00000000000000000000 0
5 7 2 6 6 7 1.00000000000000000000 0
5 7 3 4 6 4 -1.00000000000000000000 0
5 7 3 5 6 3 -1.00000000000000000000 0
5 7 3 6 4 3 -0.41541501300188642552 0.90963199535451837141
5 7 3 7 4 4 0.14231483827328514044 -0.98982144188093273237
5 7 4 1 4 5 1.00000000000000000000 0
5 7 4 2 4 5 1.00000000000000000000 0
5 7 4 3 6 5 -0.65486073394528506405 0.75574957435425828377
5 7 4 5 4 3 -1.00000000000000000000 0
5 7 4 6 6 3 0.84125353283118116886 0.54064081745559758210
5 7 5 3 6 6 0.95949297361449738989 0.28173255684142969771
5 7 5 4 4 4 0.65486073394528506405 0.75574957435425828377
5 7 5 7 4 4 0. 0
5 7 5 7 4 6 1.00000000000000000000 0
5 7 5 7 6 4 1.00000000000000000000 0
5 7 5 7 6 6 0. 0
5 7 6 1 6 5 -1.00000000000000000000 0
5 7 6 2 6 5 1.00000000000000000000 0
5 7 6 3 4 5 -0.65486073394528506405 -0.75574957435425828377
5 7 6 4 6 7 1.00000000000000000000 0
5 7 6 6 4 7 1.00000000000000000000 0
5 7 7 3 4 6 0.65486073394528506405 0.75574957435425828377
5 7 7 5 4 1 -0.70710678118654752440 0
5 7 7 5 4 2 -0.70710678118654752440 0
5 7 7 5 6 1 -0.70710678118654752440 0
5 7 7 5 6 2 0.70710678118654752440 0
5 7 7 7 6 6 1.00000000000000000000 0
6 1 1 6 6 1 1.00000000000000000000 0
6 1 2 6 6 2 1.00000000000000000000 0
6 1 3 4 6 3 1.00000000000000000000 0
6 1 3 5 6 3 1.00000000000000000000 0
6 1 4 3 6 4 1.00000000000000000000 0
6 1 4 6 6 4 1.00000000000000000000 0
6 1 5 3 6 5 1.00000000000000000000 0
6 1 5 7 6 5 1.00000000000000000000 0
6 1 6 1 6 6 1.00000000000000000000 0
6 1 6 2 6 6 1.00000000000000000000 0
6 1 6 4 6 6 1.00000000000000000000 0
6 1 7 5 6 7 1.00000000000000000000 0
6 1 7 7 6 7 1.00000000000000000000 0
6 2 1 6 6 2 1.00000000000000000000 0
6 2 2 6 6 1 1.00000000000000000000 0
6 2 3 4 6 3 1.00000000000000000000 0
6 2 3 5 6 3 -1.00000000000000000000 0
6 2 4 3 6 4 -1.00000000000000000000 0
6 2 4 6 6 4 1.00000000000000000000 0
6 2 5 3 6 5 -1.00000000000000000000 0
6 2 5 7 6 5 1.00000000000000000000 0
6 2 6 1 6 6 1.00000000000000000000 0
6 2 6 2 6 6 1.00000000000000000000 0
6 2 6 4 6 6 -1.00000000000000000000 0
6 2 7 5 6 7 1.00000000000000000000 0
6 2 7 7 6 7 -1.00000000000000000000 0
6 3 1 4 4 3 1.00000000000000000000 0
6 3 1 5 5 3 1.00000000000000000000 0
6 3 2 4 4 3 1.00000000000000000000 0
6 3 2 5 5 3 -1.00000000000000000000 0
6 3 3 5 5 7 -1.00000000000000000000 0
6 3 3 6 4 1 -0.70710678118654752440 0
6 3 3 6 4 2 0.70710678118654752440 0
6 3 3 6 5 1 0.70710678118654752440 0
6 3 3 6 5 2 0.70710678118654752440 0
6 3 3 7 4 7 1.00000000000000000000 0
6 3 4 1 4 6 -1.00000000000000000000 0
6 3 4 2 4 6 -1.00000000000000000000 0
6 3 4 4 5 6 1.00000000000000000000 0
6 3 4 5 4 7 1.00000000000000000000 0
6 3 4 7 5 7 -0.65486073394528506405 0.75574957435425828377
6 3 5 1 5 6 1.00000000000000000000 0
6 3 5 2 5 6 1.00000000000000000000 0
6 3 5 3 5 5 0.14231483827328514044 0.98982144188093273237
6 3 5 4 4 6 -1.00000000000000000000 0
6 3 5 7 4 5 0.65486073394528506405 0.75574957435425828377
6 3 6 3 4 4 0. 0
6 3 6 3 4 5 -0.95949297361449738989 -0.28173255684142969771
6 3 6 3 5 4 -0.95949297361449738989 -0.28173255684142969771
6 3 6 3 5 5 0. 0
6 3 6 6 4 4 0.14231483827328514044 -0.98982144188093273237
6 3 6 7 5 5 0.95949297361449738989 -0.28173255684142969771
6 3 7 3 4 4 -0.65486073394528506405 0.75574957435425828377
6 3 7 4 5 3 0.41541501300188642552 -0.90963199535451837141
6 3 7 5 4 3 -0.41541501300188642552 -0.90963199535451837141
6 3 7 6 5 4 -0.84125353283118116886 -0.54064081745559758210
6 4 1 3 3 4 1.00000000000000000000 0
6 4 1 6 6 4 1.00000000000000000000 0
6 4 2 3 3 4 1.00000000000000000000 0
6 4 2 6 6 4 1.00000000000000000000 0
6 4 3 1 3 6 1.00000000000000000000 0
6 4 3 2 3 6 -1.00000000000000000000 0
6 4 3 4 6 6 -0.14231483827328514044 0.98982144188093273237
6 4 3 5 6 7 0.84125353283118116886 0.54064081745559758210
6 4 3 7 3 7 -1.00000000000000000000 0
6 4 4 3 6 5 -1.00000000000000000000 0
6 4 4 6 3 1 0.70710678118654752440 0
6 4 4 6 3 2 0.70710678118654752440 0
6 4 4 6 6 1 0.70710678118654752440 0
6 4 4 6 6 2 -0.70710678118654752440 0
6 4 4 7 3 5 -1.00000000000000000000 0
6 4 5 3 6 4 -1.00000000000000000000 0
6 4 5 5 3 7 -0.65486073394528506405 0.75574957435425828377
6 4 5 6 3 4 1.00000000000000000000 0
6 4 5 7 6 7 1.00000000000000000000 0
6 4 6 1 6 6 1.00000000000000000000 0
6 4 6 2 6 6 -1.00000000000000000000 0
6 4 6 4 3 3 0. 0
6 4 6 4 3 6 -0.14231483827328514044 -0.98982144188093273237
6 4 6 4 6 3 -0.14231483827328514044 -0.98982144188093273237
6 4 6 4 6 6 0. 0
6 4 6 5 3 3 -0.95949297361449738989 0.28173255684142969771
6 4 7 3 3 5 -0.41541501300188642552 0.90963199535451837141
6 4 7 4 3 3 -0.65486073394528506405 -0.75574957435425828377
6 4 7 5 6 3 -0.84125353283118116886 0.54064081745559758210
6 4 7 7 6 5 1.00000000000000000000 0
6 5 1 3 3 5 1.00000000000000000000 0
6 5 1 7 7 5 1.00000000000000000000 0
6 5 2 3 3 5 -1.00000000000000000000 0
6 5 2 7 7 5 -1.00000000000000000000 0
6 5 3 1 3 6 -1.00000000000000000000 0
6 5 3 2 3 6 -1.00000000000000000000 0
6 5 3 3 7 5 -1.00000000000000000000 0
6 5 3 4 7 6 0.84125353283118116886 0.54064081745559758210
6 5 3 7 3 5 1.00000000000000000000 0
6 5 4 3 7 4 1.00000000000000000000 0
6 5 4 5 7 7 1.00000000000000000000 0
6 5 4 6 3 4 -1.00000000000000000000 0
6 5 4 7 3 7 0.65486073394528506405 0.75574957435425828377
6 5 5 4 7 3 0.65486073394528506405 -0.75574957435425828377
6 5 5 5 3 3 0.14231483827328514044 -0.98982144188093273237
6 5 5 6 3 1 -0.70710678118654752440 0
6 5 5 6 3 2 -0.70710678118654752440 0
6 5 5 6 7 1 -0.70710678118654752440 0
6 5 5 6 7 2 0.70710678118654752440 0
6 5 6 4 3 3 -0.95949297361449738989 0.28173255684142969771
6 5 6 5 3 3 0. 0
6 5 6 5 3 7 -0.95949297361449738989 -0.28173255684142969771
6 5 6 5 7 3 -0.95949297361449738989 -0.28173255684142969771
6 5 6 5 7 7 0. 0
6 5 6 7 7 7 1.00000000000000000000 0
6 5 7 1 7 6 -1.00000000000000000000 0
6 5 7 2 7 6 -1.00000000000000000000 0
6 5 7 3 3 4 0.41541501300188642552 0.90963199535451837141
6 5 7 4 3 6 0.84125353283118116886 -0.54064081745559758210
6 5 7 6 7 4 1.00000000000000000000 0
6 6 1 1 1 6 1.00000000000000000000 0
6 6 1 2 2 6 1.00000000000000000000 0
6 6 1 4 4 6 1.00000000000000000000 0
6 6 2 1 2 6 1.00000000000000000000 0
6 6 2 2 1 6 1.00000000000000000000 0
6 6 2 4 4 6 1.00000000000000000000 0
6 6 3 3 1 4 -0.70710678118654752440 0
6 6 3 3 1 5 -0.70710678118654752440 0
6 6 3 3 2 4 -0.70710678118654752440 0
6 6 3 3 2 5 0.70710678118654752440 0
6 6 3 6 4 4 -0.14231483827328514044 -0.98982144188093273237
6 6 3 7 4 5 0.84125353283118116886 -0.54064081745559758210
6 6 4 1 4 6 1.00000000000000000000 0
6 6 4 2 4 6 -1.00000000000000000000 0
6 6 4 4 1 3 -0.70710678118654752440 0
6 6 4 4 1 6 0.70710678118654752440 0
6 6 4 4 2 3 0.70710678118654752440 0
6 6 4 4 2 6 0.70710678118654752440 0
6 6 4 5 4 3 1.00000000000000000000 0
6 6 5 4 4 3 1.00000000000000000000 0
6 6 5 5 1 3 -0.70710678118654752440 0
6 6 5 5 1 7 0.70710678118654752440 0
6 6 5 5 2 3 0.70710678118654752440 0
6 6 5 5 2 7 0.70710678118654752440 0
6 6 5 7 4 7 1.00000000000000000000 0
6 6 6 3 4 4 0.14231483827328514044 -0.98982144188093273237
6 6 6 6 1 1 0.50000000000000000000 0
6 6 6 6 1 2 0.50000000000000000000 0
6 6 6 6 1 4 0.70710678118654752440 0
6 6 6 6 2 1 0.50000000000000000000 0
6 6 6 6 2 2 0.50000000000000000000 0
6 6 6 6 2 4 -0.70710678118654752440 0
6 6 6 6 4 1 0.70710678118654752440 0
6 6 6 6 4 2 -0.70710678118654752440 0
6 6 6 6 4 4 0. 0
6 6 7 3 4 5 0.84125353283118116886 0.54064081745559758210
6 6 7 5 4 7 1.00000000000000000000 0
6 6 7 7 1 5 0.70710678118654752440 0
6 6 7 7 1 7 0.70710678118654752440 0
6 6 7 7 2 5 0.70710678118654752440 0
6 6 7 7 2 7 -0.70710678118654752440 0
6 7 1 5 5 7 1.00000000000000000000 0
6 7 1 7 7 7 1.00000000000000000000 0
6 7 2 5 5 7 -1.00000000000000000000 0
6 7 2 7 7 7 -1.00000000000000000000 0
6 7 3 3 7 4 -1.00000000000000000000 0
6 7 3 4 7 3 1.00000000000000000000 0
6 7 3 5 5 3 1.00000000000000000000 0
6 7 3 6 5 4 0.84125353283118116886 -0.54064081745559758210
6 7 4 3 7 5 -0.65486073394528506405 0.75574957435425828377
6 7 4 4 5 3 -1.00000000000000000000 0
6 7 4 5 7 3 0.65486073394528506405 0.75574957435425828377
6 7 4 7 5 5 1.00000000000000000000 0
6 7 5 1 5 6 -1.00000000000000000000 0
6 7 5 2 5 6 1.00000000000000000000 0
6 7 5 3 5 4 -0.65486073394528506405 -0.75574957435425828377
6 7 5 4 7 6 -1.00000000000000000000 0
6 7 5 6 7 4 -1.00000000000000000000 0
6 7 6 3 5 5 0.95949297361449738989 -0.28173255684142969771
6 7 6 5 7 7 1.00000000000000000000 0
6 7 6 7 5 5 0. 0
6 7 6 7 5 7 1.00000000000000000000 0
6 7 6 7 7 5 1.00000000000000000000 0
6 7 6 7 7 7 0. 0
6 7 7 1 7 6 -1.00000000000000000000 0
6 7 7 2 7 6 1.00000000000000000000 0
6 7 7 4 5 6 1.00000000000000000000 0
6 7 7 6 5 1 -0.70710678118654752440 0
6 7 7 6 5 2 -0.70710678118654752440 0
6 7 7 6 7 1 -0.70710678118654752440 0
6 7 7 6 7 2 0.70710678118654752440 0
7 1 1 7 7 1 1.00000000000000000000 0
7 1 2 7 7 2 1.00000000000000000000 0
7 1 3 3 7 3 1.00000000000000000000 0
7 1 3 4 7 3 1.00000000000000000000 0
7 1 4 3 7 4 1.00000000000000000000 0
7 1 4 5 7 4 1.00000000000000000000 0
7 1 5 4 7 5 1.00000000000000000000 0
7 1 5 6 7 5 1.00000000000000000000 0
7 1 6 5 7 6 1.00000000000000000000 0
7 1 6 7 7 6 1.00000000000000000000 0
7 1 7 1 7 7 1.00000000000000000000 0
7 1 7 2 7 7 1.00000000000000000000 0
7 1 7 6 7 7 1.00000000000000000000 0
7 2 1 7 7 2 1.00000000000000000000 0
7 2 2 7 7 1 1.00000000000000000000 0
7 2 3 3 7 3 -1.00000000000000000000 0
7 2 3 4 7 3 1.00000000000000000000 0
7 2 4 3 7 4 1.00000000000000000000 0
7 2 4 5 7 4 -1.00000000000000000000 0
7 2 5 4 7 5 1.00000000000000000000 0
7 2 5 6 7 5 -1.00000000000000000000 0
7 2 6 5 7 6 1.00000000000000000000 0
7 2 6 7 7 6 -1.00000000000000000000 0
7 2 7 1 7 7 1.00000000000000000000 0
7 2 7 2 7 7 1.00000000000000000000 0
7 2 7 6 7 7 -1.00000000000000000000 0
7 3 1 3 3 3 1.00000000000000000000 0
7 3 1 4 4 3 1.00000000000000000000 0
7 3 2 3 3 3 -1.00000000000000000000 0
7 3 2 4 4 3 -1.00000000000000000000 0
7 3 3 1 3 7 1.00000000000000000000 0
7 3 3 2 3 7 1.00000000000000000000 0
7 3 3 6 4 7 1.00000000000000000000 0
7 3 3 7 3 1 0.70710678118654752440 0
7 3 3 7 3 2 0.70710678118654752440 0
7 3 3 7 4 1 0.70710678118654752440 0
7 3 3 7 4 2 -0.70710678118654752440 0
7 3 4 1 4 7 1.00000000000000000000 0
7 3 4 2 4 7 -1.00000000000000000000 0
7 3 4 5 4 6 -1.00000000000000000000 0
7 3 4 6 3 7 1.00000000000000000000 0
7 3 4 7 3 6 -1.00000000000000000000 0
7 3 5 4 4 5 -1.00000000000000000000 0
7 3 5 5 3 6 1.00000000000000000000 0
7 3 5 6 3 5 -1.00000000000000000000 0
7 3 5 7 4 6 0.65486073394528506405 0.75574957435425828377
7 3 6 3 4 4 -0.65486073394528506405 0.75574957435425828377
7 3 6 4 3 5 -0.41541501300188642552 0.90963199535451837141
7 3 6 5 3 4 0.41541501300188642552 0.90963199535451837141
7 3 6 6 4 5 -0.84125353283118116886 -0.54064081745559758210
7 3 7 3 3 3 0. 0
7 3 7 3 3 4 0.41541501300188642552 0.90963199535451837141
7 3 7 3 4 3 0.41541501300188642552 0.90963199535451837141
7 3 7 3 4 4 0. 0
7 3 7 4 3 3 -0.41541501300188642552 0.90963199535451837141
7 3 7 5 4 4 -0.14231483827328514044 -0.98982144188093273237
7 4 1 3 3 4 1.00000000000000000000 0
7 4 1 5 5 4 1.00000000000000000000 0
7 4 2 3 3 4 -1.00000000000000000000 0
7 4 2 5 5 4 1.00000000000000000000 0
7 4 3 1 3 7 -1.00000000000000000000 0
7 4 3 2 3 7 1.00000000000000000000 0
7 4 3 5 5 6 -0.65486073394528506405 -0.75574957435425828377
7 4 3 6 5 7 0.65486073394528506405 0.75574957435425828377
7 4 3 7 3 6 1.00000000000000000000 0
7 4 4 4 5 5 0.65486073394528506405 0.75574957435425828377
7 4 4 6 3 5 -1.00000000000000000000 0
7 4 4 7 3 1 -0.70710678118654752440 0
7 4 4 7 3 2 0.70710678118654752440 0
7 4 4 7 5 1 0.70710678118654752440 0
7 4 4 7 5 2 0.70710678118654752440 0
7 4 5 1 5 7 -1.00000000000000000000 0
7 4 5 2 5 7 1.00000000000000000000 0
7 4 5 3 5 4 -1.00000000000000000000 0
7 4 5 5 3 4 -1.00000000000000000000 0
7 4 5 6 3 7 0.65486073394528506405 -0.75574957435425828377
7 4 6 3 5 3 0.41541501300188642552 -0.90963199535451837141
7 4 6 4 3 3 -0.65486073394528506405 -0.75574957435425828377
7 4 6 5 3 6 -0.84125353283118116886 0.54064081745559758210
7 4 6 7 5 6 -1.00000000000000000000 0
7 4 7 3 3 3 -0.41541501300188642552 0.90963199535451837141
7 4 7 4 3 3 0. 0
7 4 7 4 3 5 -0.14231483827328514044 0.98982144188093273237
7 4 7 4 5 3 -0.14231483827328514044 0.98982144188093273237
7 4 7 4 5 5 0. 0
7 4 7 6 5 5 -1.00000000000000000000 0
7 5 1 4 4 5 1.00000000000000000000 0
7 5 1 6 6 5 1.00000000000000000000 0
7 5 2 4 4 5 1.00000000000000000000 0
7 5 2 6 6 5 1.00000000000000000000 0
7 5 3 4 6 5 -0.65486073394528506405 -0.75574957435425828377
7 5 3 5 6 6 -0.95949297361449738989 0.28173255684142969771
7 5 3 6 4 5 -0.65486073394528506405 0.75574957435425828377
7 5 3 7 4 6 0.65486073394528506405 -0.75574957435425828377
7 5 4 1 4 7 -1.00000000000000000000 0
7 5 4 2 4 7 -1.00000000000000000000 0
7 5 4 3 6 4 -1.00000000000000000000 0
7 5 4 5 4 4 0.65486073394528506405 -0.75574957435425828377
7 5 4 6 6 7 -1.00000000000000000000 0
7 5 5 3 6 3 1.00000000000000000000 0
7 5 5 4 4 3 -1.00000000000000000000 0
7 5 5 7 4 1 0.70710678118654752440 0
7 5 5 7 4 2 -0.70710678118654752440 0
7 5 5 7 6 1 -0.70710678118654752440 0
7 5 5 7 6 2 -0.70710678118654752440 0
7 5 6 1 6 7 -1.00000000000000000000 0
7 5 6 2 6 7 -1.00000000000000000000 0
7 5 6 3 4 3 -0.41541501300188642552 -0.90963199535451837141
7 5 6 4 6 3 0.84125353283118116886 -0.54064081745559758210
7 5 6 6 4 7 -1.00000000000000000000 0
7 5 7 3 4 4 -0.14231483827328514044 -0.98982144188093273237
7 5 7 5 4 4 0. 0
7 5 7 5 4 6 -1.00000000000000000000 0
7 5 7 5 6 4 -1.00000000000000000000 0
7 5 7 5 6 6 0. 0
7 5 7 7 6 6 1.00000000000000000000 0
7 6 1 5 5 6 1.00000000000000000000 0
7 6 1 7 7 6 1.00000000000000000000 0
7 6 2 5 5 6 1.00000000000000000000 0
7 6 2 7 7 6 -1.00000000000000000000 0
7 6 3 3 7 4 -1.00000000000000000000 0
7 6 3 4 7 5 0.65486073394528506405 0.75574957435425828377
7 6 3 5 5 4 -0.65486073394528506405 0.75574957435425828377
7 6 3 6 5 5 -0.95949297361449738989 -0.28173255684142969771
7 6 4 3 7 3 1.00000000000000000000 0
7 6 4 4 5 3 -1.00000000000000000000 0
7 6 4 5 7 6 -1.00000000000000000000 0
7 6 4 7 5 6 -1.00000000000000000000 0
7 6 5 1 5 7 1.00000000000000000000 0
7 6 5 2 5 7 1.00000000000000000000 0
7 6 5 3 5 3 -1.00000000000000000000 0
7 6 5 4 7 3 -0.65486073394528506405 0.75574957435425828377
7 6 5 6 7 7 1.00000000000000000000 0
7 6 6 3 5 4 0.84125353283118116886 0.54064081745559758210
7 6 6 5 7 4 -1.00000000000000000000 0
7 6 6 7 5 1 0.70710678118654752440 0
7 6 6 7 5 2 0.70710678118654752440 0
7 6 6 7 7 1 0.70710678118654752440 0
7 6 6 7 7 2 -0.70710678118654752440 0
7 6 7 1 7 7 1.00000000000000000000 0
7 6 7 2 7 7 -1.00000000000000000000 0
7 6 7 4 5 5 -1.00000000000000000000 0
7 6 7 6 5 5 0. 0
7 6 7 6 5 7 1.00000000000000000000 0
7 6 7 6 7 5 1.00000000000000000000 0
7 6 7 6 7 7 0. 0
7 7 1 1 1 7 1.00000000000000000000 0
7 7 1 2 2 7 1.00000000000000000000 0
7 7 1 6 6 7 1.00000000000000000000 0
7 7 2 1 2 7 1.00000000000000000000 0
7 7 2 2 1 7 1.00000000000000000000 0
7 7 2 6 6 7 -1.00000000000000000000 0
7 7 3 3 1 3 0.70710678118654752440 0
7 7 3 3 1 4 -0.70710678118654752440 0
7 7 3 3 2 3 -0.70710678118654752440 0
7 7 3 3 2 4 -0.70710678118654752440 0
7 7 3 4 6 3 -1.00000000000000000000 0
7 7 3 5 6 4 0.65486073394528506405 -0.75574957435425828377
7 7 4 3 6 3 -1.00000000000000000000 0
7 7 4 4 1 3 -0.70710678118654752440 0
7 7 4 4 1 5 -0.70710678118654752440 0
7 7 4 4 2 3 -0.70710678118654752440 0
7 7 4 4 2 5 0.70710678118654752440 0
7 7 4 6 6 5 -1.00000000000000000000 0
7 7 5 3 6 4 -0.65486073394528506405 -0.75574957435425828377
7 7 5 5 1 4 -0.70710678118654752440 0
7 7 5 5 1 6 -0.70710678118654752440 0
7 7 5 5 2 4 -0.70710678118654752440 0
7 7 5 5 2 6 0.70710678118654752440 0
7 7 5 7 6 6 1.00000000000000000000 0
7 7 6 1 6 7 -1.00000000000000000000 0
7 7 6 2 6 7 1.00000000000000000000 0
7 7 6 4 6 5 -1.00000000000000000000 0
7 7 6 6 1 5 -0.70710678118654752440 0
7 7 6 6 1 7 -0.70710678118654752440 0
7 7 6 6 2 5 -0.70710678118654752440 0
7 7 6 6 2 7 0.70710678118654752440 0
7 7 7 5 6 6 1.00000000000000000000 0
7 7 7 7 1 1 0.50000000000000000000 0
7 7 7 7 1 2 0.50000000000000000000 0
7 7 7 7 1 6 -0.70710678118654752440 0
7 7 7 7 2 1 0.50000000000000000000 0
7 7 7 7 2 2 0.50000000000000000000 0
7 7 7 7 2 6 0.70710678118654752440 0
7 7 7 7 6 1 -0.70710678118654752440 0
7 7 7 7 6 2 0.70710678118654752440 0
7 7 7 7 6 6 0. 0