1 1 1 1.00000000000000000000 0
1 2 2 1.00000000000000000000 0
1 3 3 1.00000000000000000000 0
2 1 2 1.00000000000000000000 0
2 2 1 0.62348980185873353052 0.78183148246802980870
2 2 3 0.22252093395631440428 -0.97492791218182360701
2 3 2 -0.62348980185873353052 0.78183148246802980870
2 3 3 -0.90096886790241912623 -0.43388373911755812047
3 1 3 1.00000000000000000000 0
3 2 2 -0.62348980185873353052 0.78183148246802980870
3 2 3 -0.90096886790241912623 -0.43388373911755812047
3 3 1 -0.22252093395631440428 -0.97492791218182360701
3 3 2 0.62348980185873353052 0.78183148246802980870
3 3 3 -0.62348980185873353052 0.78183148246802980870