1 1 1 1.00000000000000000000 0
1 2 2 1.00000000000000000000 0
1 3 3 1.00000000000000000000 0
1 4 4 1.00000000000000000000 0
2 1 2 1.00000000000000000000 0
2 2 1 -0.50000000000000000000 -0.86602540378443864676
2 2 3 -0.17364817766693034885 0.98480775301220805936
2 3 2 -0.76604444311897803520 0.64278760968653932632
2 3 4 -0.93969262078590838405 -0.34202014332566873304
2 4 3 0.76604444311897803520 0.64278760968653932632
2 4 4 0.50000000000000000000 -0.86602540378443864676
3 1 3 1.00000000000000000000 0
3 2 2 -0.76604444311897803520 0.64278760968653932632
3 2 4 -0.93969262078590838405 -0.34202014332566873304
3 3 1 0.17364817766693034885 -0.98480775301220805936
3 3 3 -0.76604444311897803520 0.64278760968653932632
3 3 4 0.76604444311897803520 0.64278760968653932632
3 4 2 0.17364817766693034885 0.98480775301220805936
3 4 3 -0.50000000000000000000 -0.86602540378443864676
3 4 4 0.76604444311897803520 -0.64278760968653932632
4 1 4 1.00000000000000000000 0
4 2 3 0.76604444311897803520 0.64278760968653932632
4 2 4 0.50000000000000000000 -0.86602540378443864676
4 3 2 0.17364817766693034885 0.98480775301220805936
4 3 3 -0.50000000000000000000 -0.86602540378443864676
4 3 4 0.76604444311897803520 -0.64278760968653932632
4 4 1 -0.50000000000000000000 0.86602540378443864676
4 4 2 -1.00000000000000000000 0
4 4 3 0.93969262078590838405 -0.34202014332566873304
4 4 4 -0.50000000000000000000 -0.86602540378443864676