1 1 1 1.00000000000000000000 0
1 2 2 1.00000000000000000000 0
1 3 3 1.00000000000000000000 0
1 4 4 1.00000000000000000000 0
1 5 5 1.00000000000000000000 0
2 1 2 1.00000000000000000000 0
2 2 5 0.30901699437494742410 -0.95105651629515357211
2 3 1 0.30901699437494742410 0.95105651629515357211
2 4 3 -0.80901699437494742410 0.58778525229247312916
2 5 4 -0.80901699437494742410 -0.58778525229247312916
3 1 3 1.00000000000000000000 0
3 2 1 0.30901699437494742410 0.95105651629515357211
3 3 4 0.30901699437494742410 -0.95105651629515357211
3 4 5 -0.80901699437494742410 -0.58778525229247312916
3 5 2 -0.80901699437494742410 0.58778525229247312916
4 1 4 1.00000000000000000000 0
4 2 3 -0.80901699437494742410 0.58778525229247312916
4 3 5 -0.80901699437494742410 -0.58778525229247312916
4 4 2 0.30901699437494742410 0.95105651629515357211
4 5 1 0.30901699437494742410 -0.95105651629515357211
5 1 5 1.00000000000000000000 0
5 2 4 -0.80901699437494742410 -0.58778525229247312916
5 3 2 -0.80901699437494742410 0.58778525229247312916
5 4 1 0.30901699437494742410 -0.95105651629515357211
5 5 3 0.30901699437494742410 0.95105651629515357211