1 1 1 1.00000000000000000000 0
1 2 2 1.00000000000000000000 0
1 3 3 1.00000000000000000000 0
1 4 4 1.00000000000000000000 0
1 5 5 1.00000000000000000000 0
2 1 2 1.00000000000000000000 0
2 2 1 -1.00000000000000000000 0
2 3 4 -1.00000000000000000000 0
2 4 3 1.00000000000000000000 0
2 5 5 0. -1.00000000000000000000
3 1 3 1.00000000000000000000 0
3 2 4 -1.00000000000000000000 0
3 3 1 -1.00000000000000000000 0
3 4 2 1.00000000000000000000 0
3 5 5 0. -1.00000000000000000000
4 1 4 1.00000000000000000000 0
4 2 3 1.00000000000000000000 0
4 3 2 1.00000000000000000000 0
4 4 1 1.00000000000000000000 0
4 5 5 -1.00000000000000000000 0
5 1 5 1.00000000000000000000 0
5 2 5 0. -1.00000000000000000000
5 3 5 0. -1.00000000000000000000
5 4 5 -1.00000000000000000000 0
5 5 1 -0.70710678118654752440 -0.70710678118654752440
5 5 2 0.70710678118654752440 -0.70710678118654752440
5 5 3 0.70710678118654752440 -0.70710678118654752440
5 5 4 0.70710678118654752440 0.70710678118654752440