1 1 1 1.00000000000000000000 0
1 2 2 1.00000000000000000000 0
1 3 3 1.00000000000000000000 0
1 4 4 1.00000000000000000000 0
1 5 5 1.00000000000000000000 0
2 1 2 1.00000000000000000000 0
2 2 1 1.00000000000000000000 0
2 3 3 -1.00000000000000000000 0
2 4 4 -1.00000000000000000000 0
2 5 5 -1.00000000000000000000 0
3 1 3 1.00000000000000000000 0
3 2 3 -1.00000000000000000000 0
3 3 1 -0.22252093395631440428 -0.97492791218182360701
3 3 2 0.22252093395631440428 0.97492791218182360701
3 3 5 -0.22252093395631440428 0.97492791218182360701
3 4 4 0.62348980185873353052 -0.78183148246802980870
3 4 5 0.62348980185873353052 0.78183148246802980870
3 5 3 -0.90096886790241912623 0.43388373911755812047
3 5 4 -0.90096886790241912623 -0.43388373911755812047
4 1 4 1.00000000000000000000 0
4 2 4 -1.00000000000000000000 0
4 3 4 0.62348980185873353052 -0.78183148246802980870
4 3 5 0.62348980185873353052 0.78183148246802980870
4 4 1 -0.90096886790241912623 0.43388373911755812047
4 4 2 0.90096886790241912623 -0.43388373911755812047
4 4 3 -0.90096886790241912623 -0.43388373911755812047
4 5 3 -0.22252093395631440428 0.97492791218182360701
4 5 5 -0.22252093395631440428 -0.97492791218182360701
5 1 5 1.00000000000000000000 0
5 2 5 -1.00000000000000000000 0
5 3 3 -0.90096886790241912623 0.43388373911755812047
5 3 4 -0.90096886790241912623 -0.43388373911755812047
5 4 3 -0.22252093395631440428 0.97492791218182360701
5 4 5 -0.22252093395631440428 -0.97492791218182360701
5 5 1 0.62348980185873353052 -0.78183148246802980870
5 5 2 -0.62348980185873353052 0.78183148246802980870
5 5 4 0.62348980185873353052 0.78183148246802980870