1 1 1 1.00000000000000000000 0
1 2 2 1.00000000000000000000 0
1 3 3 1.00000000000000000000 0
1 4 4 1.00000000000000000000 0
1 5 5 1.00000000000000000000 0
2 1 2 1.00000000000000000000 0
2 2 1 0.41541501300188642552 -0.90963199535451837141
2 2 3 0.14231483827328514044 0.98982144188093273237
2 3 2 -0.84125353283118116886 -0.54064081745559758210
2 3 4 -0.95949297361449738989 0.28173255684142969771
2 4 3 -0.65486073394528506405 0.75574957435425828377
2 4 5 -0.41541501300188642552 -0.90963199535451837141
2 5 4 0.65486073394528506405 0.75574957435425828377
2 5 5 0.84125353283118116886 -0.54064081745559758210
3 1 3 1.00000000000000000000 0
3 2 2 -0.84125353283118116886 -0.54064081745559758210
3 2 4 -0.95949297361449738989 0.28173255684142969771
3 3 1 0.41541501300188642552 0.90963199535451837141
3 3 3 -0.84125353283118116886 -0.54064081745559758210
3 3 5 0.84125353283118116886 -0.54064081745559758210
3 4 2 -0.14231483827328514044 -0.98982144188093273237
3 4 4 -0.84125353283118116886 -0.54064081745559758210
3 4 5 -0.65486073394528506405 0.75574957435425828377
3 5 3 -0.14231483827328514044 0.98982144188093273237
3 5 4 0.41541501300188642552 -0.90963199535451837141
3 5 5 -0.84125353283118116886 -0.54064081745559758210
4 1 4 1.00000000000000000000 0
4 2 3 -0.65486073394528506405 0.75574957435425828377
4 2 5 -0.41541501300188642552 -0.90963199535451837141
4 3 2 -0.14231483827328514044 -0.98982144188093273237
4 3 4 -0.84125353283118116886 -0.54064081745559758210
4 3 5 -0.65486073394528506405 0.75574957435425828377
4 4 1 0.84125353283118116886 0.54064081745559758210
4 4 3 -1.00000000000000000000 0
4 4 4 0.95949297361449738989 0.28173255684142969771
4 4 5 0.41541501300188642552 -0.90963199535451837141
4 5 2 -0.84125353283118116886 0.54064081745559758210
4 5 3 -0.14231483827328514044 -0.98982144188093273237
4 5 4 -0.14231483827328514044 0.98982144188093273237
4 5 5 0.95949297361449738989 0.28173255684142969771
5 1 5 1.00000000000000000000 0
5 2 4 0.65486073394528506405 0.75574957435425828377
5 2 5 0.84125353283118116886 -0.54064081745559758210
5 3 3 -0.14231483827328514044 0.98982144188093273237
5 3 4 0.41541501300188642552 -0.90963199535451837141
5 3 5 -0.84125353283118116886 -0.54064081745559758210
5 4 2 -0.84125353283118116886 0.54064081745559758210
5 4 3 -0.14231483827328514044 -0.98982144188093273237
5 4 4 -0.14231483827328514044 0.98982144188093273237
5 4 5 0.95949297361449738989 0.28173255684142969771
5 5 1 -0.95949297361449738989 -0.28173255684142969771
5 5 2 -0.65486073394528506405 -0.75574957435425828377
5 5 3 0.95949297361449738989 -0.28173255684142969771
5 5 4 -1.00000000000000000000 0
5 5 5 -0.14231483827328514044 0.98982144188093273237