1 1 1 1.00000000000000000000 0
1 2 2 1.00000000000000000000 0
1 3 3 1.00000000000000000000 0
1 4 4 1.00000000000000000000 0
1 5 5 1.00000000000000000000 0
2 1 2 1.00000000000000000000 0
2 2 1 1.00000000000000000000 0
2 3 4 0. -1.00000000000000000000
2 4 3 0. 1.00000000000000000000
2 5 5 -1.00000000000000000000 0
3 1 3 1.00000000000000000000 0
3 2 4 0. -1.00000000000000000000
3 3 1 0.70710678118654752440 0.70710678118654752440
3 3 5 -0.96592582628906828674 0.25881904510252076234
3 4 2 -0.70710678118654752440 0.70710678118654752440
3 4 5 0.25881904510252076234 0.96592582628906828674
3 5 3 -0.50000000000000000000 -0.86602540378443864676
3 5 4 -0.86602540378443864676 0.50000000000000000000
4 1 4 1.00000000000000000000 0
4 2 3 0. 1.00000000000000000000
4 3 2 -0.70710678118654752440 0.70710678118654752440
4 3 5 0.25881904510252076234 0.96592582628906828674
4 4 1 -0.70710678118654752440 -0.70710678118654752440
4 4 5 0.96592582628906828674 -0.25881904510252076234
4 5 3 0.86602540378443864676 -0.50000000000000000000
4 5 4 -0.50000000000000000000 -0.86602540378443864676
5 1 5 1.00000000000000000000 0
5 2 5 -1.00000000000000000000 0
5 3 3 -0.50000000000000000000 -0.86602540378443864676
5 3 4 -0.86602540378443864676 0.50000000000000000000
5 4 3 0.86602540378443864676 -0.50000000000000000000
5 4 4 -0.50000000000000000000 -0.86602540378443864676
5 5 1 -0.50000000000000000000 0.86602540378443864676
5 5 2 0.50000000000000000000 -0.86602540378443864676
5 5 5 -0.50000000000000000000 -0.86602540378443864676