1 1 1 1.00000000000000000000 0
1 2 2 1.00000000000000000000 0
1 3 3 1.00000000000000000000 0
1 4 4 1.00000000000000000000 0
1 5 5 1.00000000000000000000 0
1 6 6 1.00000000000000000000 0
2 1 2 1.00000000000000000000 0
2 2 1 -0.35460488704253562596 0.93501624268541482343
2 2 3 -0.12053668025532305334 -0.99270887409805399280
2 3 2 -0.88545602565320989590 -0.46472317204376854565
2 3 4 -0.97094181742605202715 0.23931566428755776714
2 4 3 0.56806474673115580251 -0.82298386589365639457
2 4 5 0.35460488704253562596 0.93501624268541482343
2 5 4 0.74851074817110109863 0.66312265824079520237
2 5 6 0.88545602565320989590 -0.46472317204376854565
2 6 5 -0.74851074817110109863 0.66312265824079520237
2 6 6 -0.56806474673115580251 -0.82298386589365639457
3 1 3 1.00000000000000000000 0
3 2 2 -0.88545602565320989590 -0.46472317204376854565
3 2 4 -0.97094181742605202715 0.23931566428755776714
3 3 1 0.56806474673115580251 0.82298386589365639457
3 3 3 -0.88545602565320989590 -0.46472317204376854565
3 3 5 0.88545602565320989590 -0.46472317204376854565
3 4 2 -0.35460488704253562596 -0.93501624268541482343
3 4 4 -0.88545602565320989590 -0.46472317204376854565
3 4 6 -0.74851074817110109863 0.66312265824079520237
3 5 3 0.12053668025532305334 0.99270887409805399280
3 5 5 -0.88545602565320989590 -0.46472317204376854565
3 5 6 0.56806474673115580251 -0.82298386589365639457
3 6 4 0.12053668025532305334 -0.99270887409805399280
3 6 5 -0.35460488704253562596 0.93501624268541482343
3 6 6 -0.88545602565320989590 -0.46472317204376854565
4 1 4 1.00000000000000000000 0
4 2 3 0.56806474673115580251 -0.82298386589365639457
4 2 5 0.35460488704253562596 0.93501624268541482343
4 3 2 -0.35460488704253562596 -0.93501624268541482343
4 3 4 -0.88545602565320989590 -0.46472317204376854565
4 3 6 -0.74851074817110109863 0.66312265824079520237
4 4 1 -0.97094181742605202715 -0.23931566428755776714
4 4 3 0.97094181742605202715 -0.23931566428755776714
4 4 5 -0.35460488704253562596 0.93501624268541482343
4 4 6 -0.88545602565320989590 -0.46472317204376854565
4 5 2 -0.56806474673115580251 0.82298386589365639457
4 5 4 0.12053668025532305334 0.99270887409805399280
4 5 5 0.12053668025532305334 -0.99270887409805399280
4 5 6 0.97094181742605202715 0.23931566428755776714
4 6 3 0.56806474673115580251 0.82298386589365639457
4 6 4 0.97094181742605202715 -0.23931566428755776714
4 6 5 -1.00000000000000000000 0
4 6 6 0.12053668025532305334 -0.99270887409805399280
5 1 5 1.00000000000000000000 0
5 2 4 0.74851074817110109863 0.66312265824079520237
5 2 6 0.88545602565320989590 -0.46472317204376854565
5 3 3 0.12053668025532305334 0.99270887409805399280
5 3 5 -0.88545602565320989590 -0.46472317204376854565
5 3 6 0.56806474673115580251 -0.82298386589365639457
5 4 2 -0.56806474673115580251 0.82298386589365639457
5 4 4 0.12053668025532305334 0.99270887409805399280
5 4 5 0.12053668025532305334 -0.99270887409805399280
5 4 6 0.97094181742605202715 0.23931566428755776714
5 5 1 -0.97094181742605202715 0.23931566428755776714
5 5 3 0.74851074817110109863 -0.66312265824079520237
5 5 4 -0.35460488704253562596 -0.93501624268541482343
5 5 5 0.12053668025532305334 0.99270887409805399280
5 5 6 -1.00000000000000000000 0
5 6 2 -0.97094181742605202715 -0.23931566428755776714
5 6 3 -0.74851074817110109863 -0.66312265824079520237
5 6 4 -0.88545602565320989590 0.46472317204376854565
5 6 5 0.97094181742605202715 -0.23931566428755776714
5 6 6 0.12053668025532305334 0.99270887409805399280
6 1 6 1.00000000000000000000 0
6 2 5 -0.74851074817110109863 0.66312265824079520237
6 2 6 -0.56806474673115580251 -0.82298386589365639457
6 3 4 0.12053668025532305334 -0.99270887409805399280
6 3 5 -0.35460488704253562596 0.93501624268541482343
6 3 6 -0.88545602565320989590 -0.46472317204376854565
6 4 3 0.56806474673115580251 0.82298386589365639457
6 4 4 0.97094181742605202715 -0.23931566428755776714
6 4 5 -1.00000000000000000000 0
6 4 6 0.12053668025532305334 -0.99270887409805399280
6 5 2 -0.97094181742605202715 -0.23931566428755776714
6 5 3 -0.74851074817110109863 -0.66312265824079520237
6 5 4 -0.88545602565320989590 0.46472317204376854565
6 5 5 0.97094181742605202715 -0.23931566428755776714
6 5 6 0.12053668025532305334 0.99270887409805399280
6 6 1 0.88545602565320989590 -0.46472317204376854565
6 6 2 -0.12053668025532305334 0.99270887409805399280
6 6 3 -0.56806474673115580251 0.82298386589365639457
6 6 4 0.56806474673115580251 0.82298386589365639457
6 6 5 -0.35460488704253562596 -0.93501624268541482343
6 6 6 0.97094181742605202715 -0.23931566428755776714