1 1 1 1.00000000000000000000 0
1 2 2 1.00000000000000000000 0
1 3 3 1.00000000000000000000 0
1 4 4 1.00000000000000000000 0
1 5 5 1.00000000000000000000 0
1 6 6 1.00000000000000000000 0
2 1 2 1.00000000000000000000 0
2 2 1 -1.00000000000000000000 0
2 3 3 0. 1.00000000000000000000
2 4 5 -1.00000000000000000000 0
2 5 4 1.00000000000000000000 0
2 6 6 0. 1.00000000000000000000
3 1 3 1.00000000000000000000 0
3 2 3 0. 1.00000000000000000000
3 3 1 -0.38268343236508977172 0.92387953251128675612
3 3 2 0.92387953251128675612 0.38268343236508977172
3 4 6 1.00000000000000000000 0
3 5 6 0. -1.00000000000000000000
3 6 4 -0.38268343236508977172 0.92387953251128675612
3 6 5 -0.92387953251128675612 -0.38268343236508977172
4 1 4 1.00000000000000000000 0
4 2 5 -1.00000000000000000000 0
4 3 6 -1.00000000000000000000 0
4 4 1 0.80901699437494742410 -0.58778525229247312916
4 4 5 0.30901699437494742410 0.95105651629515357211
4 5 2 -0.80901699437494742410 0.58778525229247312916
4 5 4 -0.30901699437494742410 -0.95105651629515357211
4 6 3 -0.80901699437494742410 0.58778525229247312916
4 6 6 0.95105651629515357211 -0.30901699437494742410
5 1 5 1.00000000000000000000 0
5 2 4 1.00000000000000000000 0
5 3 6 0. 1.00000000000000000000
5 4 2 -0.80901699437494742410 0.58778525229247312916
5 4 4 -0.30901699437494742410 -0.95105651629515357211
5 5 1 -0.80901699437494742410 0.58778525229247312916
5 5 5 -0.30901699437494742410 -0.95105651629515357211
5 6 3 0.58778525229247312916 0.80901699437494742410
5 6 6 -0.30901699437494742410 -0.95105651629515357211
6 1 6 1.00000000000000000000 0
6 2 6 0. 1.00000000000000000000
6 3 4 0.38268343236508977172 -0.92387953251128675612
6 3 5 0.92387953251128675612 0.38268343236508977172
6 4 3 0.80901699437494742410 -0.58778525229247312916
6 4 6 0.95105651629515357211 -0.30901699437494742410
6 5 3 -0.58778525229247312916 -0.80901699437494742410
6 5 6 -0.30901699437494742410 -0.95105651629515357211
6 6 1 -0.23344536385590541176 -0.97236992039767660183
6 6 2 -0.97236992039767660183 0.23344536385590541176
6 6 4 0.07845909572784494503 -0.99691733373312797619
6 6 5 0.99691733373312797619 0.07845909572784494503