1 1 1 1.00000000000000000000 0
1 2 2 1.00000000000000000000 0
1 3 3 1.00000000000000000000 0
1 4 4 1.00000000000000000000 0
1 5 5 1.00000000000000000000 0
1 6 6 1.00000000000000000000 0
2 1 2 1.00000000000000000000 0
2 2 1 -0.80901699437494742410 0.58778525229247312916
2 2 2 -0.30901699437494742410 -0.95105651629515357211
2 3 5 1.00000000000000000000 0
2 4 6 1.00000000000000000000 0
2 5 3 -0.80901699437494742410 0.58778525229247312916
2 5 5 -0.30901699437494742410 -0.95105651629515357211
2 6 4 -0.80901699437494742410 0.58778525229247312916
2 6 6 -0.30901699437494742410 -0.95105651629515357211
3 1 3 1.00000000000000000000 0
3 2 5 1.00000000000000000000 0
3 3 1 0.62348980185873353052 -0.78183148246802980870
3 3 4 0.22252093395631440428 0.97492791218182360701
3 4 3 -0.62348980185873353052 -0.78183148246802980870
3 4 4 -0.90096886790241912623 0.43388373911755812047
3 5 2 0.62348980185873353052 -0.78183148246802980870
3 5 6 0.22252093395631440428 0.97492791218182360701
3 6 5 -0.62348980185873353052 -0.78183148246802980870
3 6 6 -0.90096886790241912623 0.43388373911755812047
4 1 4 1.00000000000000000000 0
4 2 6 1.00000000000000000000 0
4 3 3 -0.62348980185873353052 -0.78183148246802980870
4 3 4 -0.90096886790241912623 0.43388373911755812047
4 4 1 -0.22252093395631440428 0.97492791218182360701
4 4 3 0.62348980185873353052 -0.78183148246802980870
4 4 4 -0.62348980185873353052 -0.78183148246802980870
4 5 5 -0.62348980185873353052 -0.78183148246802980870
4 5 6 -0.90096886790241912623 0.43388373911755812047
4 6 2 -0.22252093395631440428 0.97492791218182360701
4 6 5 0.62348980185873353052 -0.78183148246802980870
4 6 6 -0.62348980185873353052 -0.78183148246802980870
5 1 5 1.00000000000000000000 0
5 2 3 -0.80901699437494742410 0.58778525229247312916
5 2 5 -0.30901699437494742410 -0.95105651629515357211
5 3 2 0.62348980185873353052 -0.78183148246802980870
5 3 6 0.22252093395631440428 0.97492791218182360701
5 4 5 -0.62348980185873353052 -0.78183148246802980870
5 4 6 -0.90096886790241912623 0.43388373911755812047
5 5 1 -0.04486483035051492545 0.99899306654131464737
5 5 2 -0.93623487063973720950 -0.35137482408134270488
5 5 4 -0.75307146600361093353 -0.65793872593971261237
5 5 6 0.85844879360186611852 -0.51289927740590614390
5 6 3 0.96396286069585329188 0.26603684556667510738
5 6 4 0.47386866247299867070 -0.88059553185673799519
5 6 5 -0.55089698145210252268 0.83457325372130265093
5 6 6 0.69106264898686467590 0.72279486382739152854
6 1 6 1.00000000000000000000 0
6 2 4 -0.80901699437494742410 0.58778525229247312916
6 2 6 -0.30901699437494742410 -0.95105651629515357211
6 3 5 -0.62348980185873353052 -0.78183148246802980870
6 3 6 -0.90096886790241912623 0.43388373911755812047
6 4 2 -0.22252093395631440428 0.97492791218182360701
6 4 5 0.62348980185873353052 -0.78183148246802980870
6 4 6 -0.62348980185873353052 -0.78183148246802980870
6 5 3 0.96396286069585329188 0.26603684556667510738
6 5 4 0.47386866247299867070 -0.88059553185673799519
6 5 5 -0.55089698145210252268 0.83457325372130265093
6 5 6 0.69106264898686467590 0.72279486382739152854
6 6 1 -0.39302503165392361818 -0.91952777255145063832
6 6 2 0.99597429399523902958 -0.08963930890343349976
6 6 3 -0.04486483035051492545 0.99899306654131464737
6 6 4 0.96396286069585329188 0.26603684556667510738
6 6 5 -0.93623487063973720950 -0.35137482408134270488
6 6 6 -0.55089698145210252268 0.83457325372130265093