1 1 1 1.00000000000000000000 0
1 2 2 1.00000000000000000000 0
1 3 3 1.00000000000000000000 0
1 4 4 1.00000000000000000000 0
1 5 5 1.00000000000000000000 0
1 6 6 1.00000000000000000000 0
2 1 2 1.00000000000000000000 0
2 2 1 1.00000000000000000000 0
2 3 3 -1.00000000000000000000 0
2 4 4 1.00000000000000000000 0
2 5 6 -1.00000000000000000000 0
2 6 5 -1.00000000000000000000 0
3 1 3 1.00000000000000000000 0
3 2 3 -1.00000000000000000000 0
3 3 1 -0.80901699437494742410 -0.58778525229247312916
3 3 2 0.80901699437494742410 0.58778525229247312916
3 3 4 -0.80901699437494742410 0.58778525229247312916
3 4 3 0.30901699437494742410 0.95105651629515357211
3 4 4 0.30901699437494742410 -0.95105651629515357211
3 5 5 0.30901699437494742410 -0.95105651629515357211
3 5 6 0.95105651629515357211 0.30901699437494742410
3 6 5 -0.95105651629515357211 -0.30901699437494742410
3 6 6 -0.30901699437494742410 0.95105651629515357211
4 1 4 1.00000000000000000000 0
4 2 4 1.00000000000000000000 0
4 3 3 0.30901699437494742410 0.95105651629515357211
4 3 4 0.30901699437494742410 -0.95105651629515357211
4 4 1 -0.80901699437494742410 0.58778525229247312916
4 4 2 0.80901699437494742410 -0.58778525229247312916
4 4 3 -0.80901699437494742410 -0.58778525229247312916
4 5 5 0.30901699437494742410 0.95105651629515357211
4 5 6 -0.95105651629515357211 0.30901699437494742410
4 6 5 -0.95105651629515357211 0.30901699437494742410
4 6 6 0.30901699437494742410 0.95105651629515357211
5 1 5 1.00000000000000000000 0
5 2 6 1.00000000000000000000 0
5 3 5 0.30901699437494742410 -0.95105651629515357211
5 3 6 0.95105651629515357211 0.30901699437494742410
5 4 5 0.30901699437494742410 0.95105651629515357211
5 4 6 -0.95105651629515357211 0.30901699437494742410
5 5 1 1.00000000000000000000 0
5 5 3 0.30901699437494742410 0.95105651629515357211
5 5 4 0.30901699437494742410 -0.95105651629515357211
5 6 2 1.00000000000000000000 0
5 6 3 -0.30901699437494742410 -0.95105651629515357211
5 6 4 0.30901699437494742410 -0.95105651629515357211
6 1 6 1.00000000000000000000 0
6 2 5 1.00000000000000000000 0
6 3 5 -0.95105651629515357211 -0.30901699437494742410
6 3 6 -0.30901699437494742410 0.95105651629515357211
6 4 5 -0.95105651629515357211 0.30901699437494742410
6 4 6 0.30901699437494742410 0.95105651629515357211
6 5 2 -1.00000000000000000000 0
6 5 3 0.30901699437494742410 0.95105651629515357211
6 5 4 -0.30901699437494742410 0.95105651629515357211
6 6 1 -1.00000000000000000000 0
6 6 3 -0.30901699437494742410 -0.95105651629515357211
6 6 4 -0.30901699437494742410 0.95105651629515357211