1 1 1 1.00000000000000000000 0
1 2 2 1.00000000000000000000 0
1 3 3 1.00000000000000000000 0
1 4 4 1.00000000000000000000 0
1 5 5 1.00000000000000000000 0
1 6 6 1.00000000000000000000 0
2 1 2 1.00000000000000000000 0
2 2 1 0. -1.00000000000000000000
2 3 4 1.00000000000000000000 0
2 4 3 0. -1.00000000000000000000
2 5 6 0.70710678118654752440 -0.70710678118654752440
2 6 5 0.70710678118654752440 -0.70710678118654752440
3 1 3 1.00000000000000000000 0
3 2 4 -1.00000000000000000000 0
3 3 1 0. 1.00000000000000000000
3 4 2 0. -1.00000000000000000000
3 5 6 -0.70710678118654752440 0.70710678118654752440
3 6 5 0.70710678118654752440 -0.70710678118654752440
4 1 4 1.00000000000000000000 0
4 2 3 0. 1.00000000000000000000
4 3 2 0. 1.00000000000000000000
4 4 1 -1.00000000000000000000 0
4 5 5 1.00000000000000000000 0
4 6 6 -1.00000000000000000000 0
5 1 5 1.00000000000000000000 0
5 2 6 0.70710678118654752440 0.70710678118654752440
5 3 6 0.70710678118654752440 0.70710678118654752440
5 4 5 -1.00000000000000000000 0
5 5 1 0.92387953251128675612 -0.38268343236508977172
5 5 4 0.38268343236508977172 0.92387953251128675612
5 6 2 0.38268343236508977172 0.92387953251128675612
5 6 3 0.92387953251128675612 -0.38268343236508977172
6 1 6 1.00000000000000000000 0
6 2 5 -0.70710678118654752440 -0.70710678118654752440
6 3 5 0.70710678118654752440 0.70710678118654752440
6 4 6 1.00000000000000000000 0
6 5 2 -0.38268343236508977172 -0.92387953251128675612
6 5 3 -0.92387953251128675612 0.38268343236508977172
6 6 1 -0.38268343236508977172 -0.92387953251128675612
6 6 4 0.92387953251128675612 -0.38268343236508977172