1 1 1 1.00000000000000000000 0
1 2 2 1.00000000000000000000 0
1 3 3 1.00000000000000000000 0
1 4 4 1.00000000000000000000 0
1 5 5 1.00000000000000000000 0
1 6 6 1.00000000000000000000 0
2 1 2 1.00000000000000000000 0
2 2 1 1.00000000000000000000 0
2 3 4 1.00000000000000000000 0
2 4 3 1.00000000000000000000 0
2 5 5 -1.00000000000000000000 0
2 6 6 -1.00000000000000000000 0
3 1 3 1.00000000000000000000 0
3 2 4 1.00000000000000000000 0
3 3 1 -0.80901699437494742410 0.58778525229247312916
3 3 4 -0.30901699437494742410 -0.95105651629515357211
3 4 2 -0.80901699437494742410 0.58778525229247312916
3 4 3 -0.30901699437494742410 -0.95105651629515357211
3 5 6 -1.00000000000000000000 0
3 6 5 0.80901699437494742410 -0.58778525229247312916
3 6 6 0.30901699437494742410 0.95105651629515357211
4 1 4 1.00000000000000000000 0
4 2 3 1.00000000000000000000 0
4 3 2 -0.80901699437494742410 0.58778525229247312916
4 3 3 -0.30901699437494742410 -0.95105651629515357211
4 4 1 -0.80901699437494742410 0.58778525229247312916
4 4 4 -0.30901699437494742410 -0.95105651629515357211
4 5 6 1.00000000000000000000 0
4 6 5 -0.80901699437494742410 0.58778525229247312916
4 6 6 -0.30901699437494742410 -0.95105651629515357211
5 1 5 1.00000000000000000000 0
5 2 5 -1.00000000000000000000 0
5 3 6 -1.00000000000000000000 0
5 4 6 1.00000000000000000000 0
5 5 1 -0.50000000000000000000 -0.86602540378443864676
5 5 2 0.50000000000000000000 0.86602540378443864676
5 5 5 -0.50000000000000000000 0.86602540378443864676
5 6 3 0.50000000000000000000 0.86602540378443864676
5 6 4 -0.50000000000000000000 -0.86602540378443864676
5 6 6 -0.50000000000000000000 0.86602540378443864676
6 1 6 1.00000000000000000000 0
6 2 6 -1.00000000000000000000 0
6 3 5 0.80901699437494742410 -0.58778525229247312916
6 3 6 0.30901699437494742410 0.95105651629515357211
6 4 5 -0.80901699437494742410 0.58778525229247312916
6 4 6 -0.30901699437494742410 -0.95105651629515357211
6 5 3 0.50000000000000000000 0.86602540378443864676
6 5 4 -0.50000000000000000000 -0.86602540378443864676
6 5 6 -0.50000000000000000000 0.86602540378443864676
6 6 1 0.91354545764260089550 0.40673664307580020775
6 6 2 -0.91354545764260089550 -0.40673664307580020775
6 6 3 0.66913060635885821382 -0.74314482547739423501
6 6 4 -0.66913060635885821382 0.74314482547739423501
6 6 5 -0.10452846326765347139 -0.99452189536827333692
6 6 6 0.97814760073380563792 0.20791169081775933710