1 1 1 1.00000000000000000000 0
1 2 2 1.00000000000000000000 0
1 3 3 1.00000000000000000000 0
1 4 4 1.00000000000000000000 0
1 5 5 1.00000000000000000000 0
1 6 6 1.00000000000000000000 0
1 7 7 1.00000000000000000000 0
2 1 2 1.00000000000000000000 0
2 2 1 1.00000000000000000000 0
2 3 3 0.80901699437494742410 -0.58778525229247312916
2 4 4 0.80901699437494742410 -0.58778525229247312916
2 5 5 0.80901699437494742410 0.58778525229247312916
2 6 6 -1.00000000000000000000 0
2 7 7 0.80901699437494742410 0.58778525229247312916
3 1 3 1.00000000000000000000 0
3 2 3 0.80901699437494742410 0.58778525229247312916
3 3 1 -0.14231483827328514044 -0.98982144188093273237
3 3 2 0.14231483827328514044 0.98982144188093273237
3 3 7 -0.14231483827328514044 0.98982144188093273237
3 4 6 0.41541501300188642552 -0.90963199535451837141
3 4 7 0.19859046664574546498 -0.98008256109239340855
3 5 5 0.08557500847883974285 -0.99633173086269138762
3 5 6 -0.92112365311485011593 0.38927010631739149038
3 6 4 0.77414161063908244906 0.63301245380887038872
3 6 5 -0.99836910392613567910 0.05708881086276798374
3 7 3 0.61064787963543813069 -0.79190224592227509675
3 7 4 -0.02855605079369625384 -0.99959219282818922962
4 1 4 1.00000000000000000000 0
4 2 4 0.80901699437494742410 0.58778525229247312916
4 3 6 0.41541501300188642552 -0.90963199535451837141
4 3 7 -0.87074607711977718772 -0.49173292464560377283
4 4 1 -0.95949297361449738989 -0.28173255684142969771
4 4 2 0.95949297361449738989 0.28173255684142969771
4 4 5 -0.95949297361449738989 0.28173255684142969771
4 5 4 -0.99836910392613567910 0.05708881086276798374
4 5 7 -0.25421833419348693021 -0.96714685470195713905
4 6 3 -0.98535383584769301223 -0.17052219263262378440
4 6 6 -0.46666732322567369767 -0.88443293099781432223
4 7 3 -0.65486073394528506405 0.75574957435425828377
4 7 5 -0.65486073394528506405 -0.75574957435425828377
5 1 5 1.00000000000000000000 0
5 2 5 0.80901699437494742410 -0.58778525229247312916
5 3 5 0.97401191694233351381 -0.22649676742576438039
5 3 6 0.51639746163896192331 -0.85634903025158897463
5 4 4 -0.36280770535064100860 -0.93186402921145231618
5 4 7 0.77414161063908244906 0.63301245380887038872
5 5 1 0.41541501300188642552 0.90963199535451837141
5 5 2 -0.41541501300188642552 -0.90963199535451837141
5 5 3 0.41541501300188642552 -0.90963199535451837141
5 6 3 -0.95949297361449738989 -0.28173255684142969771
5 6 7 -0.95949297361449738989 0.28173255684142969771
5 7 4 0.69693756865529345136 -0.71713180475896348779
5 7 6 0.89739842869135839898 -0.44122110124322129325
6 1 6 1.00000000000000000000 0
6 2 6 -1.00000000000000000000 0
6 3 4 -0.25421833419348693021 -0.96714685470195713905
6 3 5 -0.36280770535064100860 -0.93186402921145231618
6 4 3 0.89739842869135839898 -0.44122110124322129325
6 4 6 0.69693756865529345136 -0.71713180475896348779
6 5 3 -0.95949297361449738989 -0.28173255684142969771
6 5 7 -0.95949297361449738989 0.28173255684142969771
6 6 1 -0.65486073394528506405 -0.75574957435425828377
6 6 2 0.65486073394528506405 0.75574957435425828377
6 6 4 -0.65486073394528506405 0.75574957435425828377
6 7 5 0.41541501300188642552 0.90963199535451837141
6 7 7 0.99348173534855020851 0.11399140989054062529
7 1 7 1.00000000000000000000 0
7 2 7 0.80901699437494742410 -0.58778525229247312916
7 3 3 0.94184436363952469348 0.33604939321543012640
7 3 4 -0.56444321886676918044 0.82547189696277395698
7 4 3 -0.65486073394528506405 0.75574957435425828377
7 4 5 -0.65486073394528506405 -0.75574957435425828377
7 5 4 -0.46666732322567369767 -0.88443293099781432223
7 5 6 -0.98535383584769301223 -0.17052219263262378440
7 6 5 0.41541501300188642552 0.90963199535451837141
7 6 7 -0.73674113787640491130 -0.67617490027401943528
7 7 1 0.84125353283118116886 -0.54064081745559758210
7 7 2 -0.84125353283118116886 0.54064081745559758210
7 7 6 0.84125353283118116886 0.54064081745559758210