1 1 1 1.00000000000000000000 0
1 2 2 1.00000000000000000000 0
1 3 3 1.00000000000000000000 0
1 4 4 1.00000000000000000000 0
1 5 5 1.00000000000000000000 0
1 6 6 1.00000000000000000000 0
1 7 7 1.00000000000000000000 0
2 1 2 1.00000000000000000000 0
2 2 1 1.00000000000000000000 0
2 3 4 -1.00000000000000000000 0
2 4 3 -1.00000000000000000000 0
2 5 6 1.00000000000000000000 0
2 6 5 1.00000000000000000000 0
2 7 7 -1.00000000000000000000 0
3 1 3 1.00000000000000000000 0
3 2 4 -1.00000000000000000000 0
3 3 1 0.62348980185873353052 0.78183148246802980870
3 3 4 -0.90096886790241912623 -0.43388373911755812047
3 3 6 0.90096886790241912623 -0.43388373911755812047
3 4 2 -0.62348980185873353052 -0.78183148246802980870
3 4 3 0.90096886790241912623 0.43388373911755812047
3 4 5 -0.90096886790241912623 0.43388373911755812047
3 5 4 -0.22252093395631440428 -0.97492791218182360701
3 5 6 0.90096886790241912623 0.43388373911755812047
3 5 7 -0.62348980185873353052 0.78183148246802980870
3 6 3 0.22252093395631440428 0.97492791218182360701
3 6 5 -0.90096886790241912623 -0.43388373911755812047
3 6 7 -0.62348980185873353052 0.78183148246802980870
3 7 5 0.22252093395631440428 -0.97492791218182360701
3 7 6 0.22252093395631440428 -0.97492791218182360701
3 7 7 -0.90096886790241912623 -0.43388373911755812047
4 1 4 1.00000000000000000000 0
4 2 3 -1.00000000000000000000 0
4 3 2 -0.62348980185873353052 -0.78183148246802980870
4 3 3 0.90096886790241912623 0.43388373911755812047
4 3 5 -0.90096886790241912623 0.43388373911755812047
4 4 1 0.62348980185873353052 0.78183148246802980870
4 4 4 -0.90096886790241912623 -0.43388373911755812047
4 4 6 0.90096886790241912623 -0.43388373911755812047
4 5 3 -0.22252093395631440428 -0.97492791218182360701
4 5 5 0.90096886790241912623 0.43388373911755812047
4 5 7 0.62348980185873353052 -0.78183148246802980870
4 6 4 0.22252093395631440428 0.97492791218182360701
4 6 6 -0.90096886790241912623 -0.43388373911755812047
4 6 7 0.62348980185873353052 -0.78183148246802980870
4 7 5 -0.22252093395631440428 0.97492791218182360701
4 7 6 -0.22252093395631440428 0.97492791218182360701
4 7 7 -0.90096886790241912623 -0.43388373911755812047
5 1 5 1.00000000000000000000 0
5 2 6 1.00000000000000000000 0
5 3 4 -0.22252093395631440428 -0.97492791218182360701
5 3 6 0.90096886790241912623 0.43388373911755812047
5 3 7 -0.62348980185873353052 0.78183148246802980870
5 4 3 -0.22252093395631440428 -0.97492791218182360701
5 4 5 0.90096886790241912623 0.43388373911755812047
5 4 7 0.62348980185873353052 -0.78183148246802980870
5 5 1 -0.90096886790241912623 0.43388373911755812047
5 5 4 0.62348980185873353052 -0.78183148246802980870
5 5 5 -0.22252093395631440428 -0.97492791218182360701
5 5 6 0.22252093395631440428 0.97492791218182360701
5 5 7 -1.00000000000000000000 0
5 6 2 -0.90096886790241912623 0.43388373911755812047
5 6 3 0.62348980185873353052 -0.78183148246802980870
5 6 5 0.22252093395631440428 0.97492791218182360701
5 6 6 -0.22252093395631440428 -0.97492791218182360701
5 6 7 1.00000000000000000000 0
5 7 3 0.90096886790241912623 0.43388373911755812047
5 7 4 -0.90096886790241912623 -0.43388373911755812047
5 7 5 0.90096886790241912623 -0.43388373911755812047
5 7 6 -0.90096886790241912623 0.43388373911755812047
5 7 7 -0.22252093395631440428 -0.97492791218182360701
6 1 6 1.00000000000000000000 0
6 2 5 1.00000000000000000000 0
6 3 3 0.22252093395631440428 0.97492791218182360701
6 3 5 -0.90096886790241912623 -0.43388373911755812047
6 3 7 -0.62348980185873353052 0.78183148246802980870
6 4 4 0.22252093395631440428 0.97492791218182360701
6 4 6 -0.90096886790241912623 -0.43388373911755812047
6 4 7 0.62348980185873353052 -0.78183148246802980870
6 5 2 -0.90096886790241912623 0.43388373911755812047
6 5 3 0.62348980185873353052 -0.78183148246802980870
6 5 5 0.22252093395631440428 0.97492791218182360701
6 5 6 -0.22252093395631440428 -0.97492791218182360701
6 5 7 1.00000000000000000000 0
6 6 1 -0.90096886790241912623 0.43388373911755812047
6 6 4 0.62348980185873353052 -0.78183148246802980870
6 6 5 -0.22252093395631440428 -0.97492791218182360701
6 6 6 0.22252093395631440428 0.97492791218182360701
6 6 7 -1.00000000000000000000 0
6 7 3 0.90096886790241912623 0.43388373911755812047
6 7 4 -0.90096886790241912623 -0.43388373911755812047
6 7 5 0.90096886790241912623 -0.43388373911755812047
6 7 6 -0.90096886790241912623 0.43388373911755812047
6 7 7 0.22252093395631440428 0.97492791218182360701
7 1 7 1.00000000000000000000 0
7 2 7 -1.00000000000000000000 0
7 3 5 0.22252093395631440428 -0.97492791218182360701
7 3 6 0.22252093395631440428 -0.97492791218182360701
7 3 7 -0.90096886790241912623 -0.43388373911755812047
7 4 5 -0.22252093395631440428 0.97492791218182360701
7 4 6 -0.22252093395631440428 0.97492791218182360701
7 4 7 -0.90096886790241912623 -0.43388373911755812047
7 5 3 0.90096886790241912623 0.43388373911755812047
7 5 4 -0.90096886790241912623 -0.43388373911755812047
7 5 5 0.90096886790241912623 -0.43388373911755812047
7 5 6 -0.90096886790241912623 0.43388373911755812047
7 5 7 -0.22252093395631440428 -0.97492791218182360701
7 6 3 0.90096886790241912623 0.43388373911755812047
7 6 4 -0.90096886790241912623 -0.43388373911755812047
7 6 5 0.90096886790241912623 -0.43388373911755812047
7 6 6 -0.90096886790241912623 0.43388373911755812047
7 6 7 0.22252093395631440428 0.97492791218182360701
7 7 1 0.62348980185873353052 -0.78183148246802980870
7 7 2 -0.62348980185873353052 0.78183148246802980870
7 7 3 -0.22252093395631440428 0.97492791218182360701
7 7 4 -0.22252093395631440428 0.97492791218182360701
7 7 5 0.62348980185873353052 0.78183148246802980870
7 7 6 -0.62348980185873353052 -0.78183148246802980870
7 7 7 0.90096886790241912623 -0.43388373911755812047