1 1 1 1.00000000000000000000 0
1 2 2 1.00000000000000000000 0
1 3 3 1.00000000000000000000 0
1 4 4 1.00000000000000000000 0
1 5 5 1.00000000000000000000 0
1 6 6 1.00000000000000000000 0
1 7 7 1.00000000000000000000 0
2 1 2 1.00000000000000000000 0
2 2 1 -1.00000000000000000000 0
2 3 4 0. -1.00000000000000000000
2 4 3 0. 1.00000000000000000000
2 5 6 1.00000000000000000000 0
2 6 5 -1.00000000000000000000 0
2 7 7 0. -1.00000000000000000000
3 1 3 1.00000000000000000000 0
3 2 4 0. -1.00000000000000000000
3 3 1 0.83146961230254523707 -0.55557023301960222474
3 3 6 -0.98078528040323044912 -0.19509032201612826784
3 4 2 -0.55557023301960222474 -0.83146961230254523707
3 4 5 0.19509032201612826784 -0.98078528040323044912
3 5 4 -0.70710678118654752440 -0.70710678118654752440
3 5 7 -0.38268343236508977172 0.92387953251128675612
3 6 3 -0.70710678118654752440 0.70710678118654752440
3 6 7 -0.92387953251128675612 -0.38268343236508977172
3 7 5 -0.83146961230254523707 -0.55557023301960222474
3 7 6 0.55557023301960222474 -0.83146961230254523707
4 1 4 1.00000000000000000000 0
4 2 3 0. 1.00000000000000000000
4 3 2 -0.55557023301960222474 -0.83146961230254523707
4 3 5 0.19509032201612826784 -0.98078528040323044912
4 4 1 0.83146961230254523707 -0.55557023301960222474
4 4 6 -0.98078528040323044912 -0.19509032201612826784
4 5 3 -0.70710678118654752440 -0.70710678118654752440
4 5 7 -0.38268343236508977172 0.92387953251128675612
4 6 4 0.70710678118654752440 -0.70710678118654752440
4 6 7 0.92387953251128675612 0.38268343236508977172
4 7 5 0.83146961230254523707 0.55557023301960222474
4 7 6 -0.55557023301960222474 0.83146961230254523707
5 1 5 1.00000000000000000000 0
5 2 6 1.00000000000000000000 0
5 3 4 -0.70710678118654752440 -0.70710678118654752440
5 3 7 -0.38268343236508977172 0.92387953251128675612
5 4 3 -0.70710678118654752440 -0.70710678118654752440
5 4 7 -0.38268343236508977172 0.92387953251128675612
5 5 1 0. 1.00000000000000000000
5 5 5 -0.70710678118654752440 -0.70710678118654752440
5 5 6 0.70710678118654752440 -0.70710678118654752440
5 6 2 0. 1.00000000000000000000
5 6 5 0.70710678118654752440 -0.70710678118654752440
5 6 6 -0.70710678118654752440 -0.70710678118654752440
5 7 3 0.92387953251128675612 -0.38268343236508977172
5 7 4 0.92387953251128675612 -0.38268343236508977172
5 7 7 0.70710678118654752440 0.70710678118654752440
6 1 6 1.00000000000000000000 0
6 2 5 -1.00000000000000000000 0
6 3 3 -0.70710678118654752440 0.70710678118654752440
6 3 7 -0.92387953251128675612 -0.38268343236508977172
6 4 4 0.70710678118654752440 -0.70710678118654752440
6 4 7 0.92387953251128675612 0.38268343236508977172
6 5 2 0. 1.00000000000000000000
6 5 5 0.70710678118654752440 -0.70710678118654752440
6 5 6 -0.70710678118654752440 -0.70710678118654752440
6 6 1 0. -1.00000000000000000000
6 6 5 0.70710678118654752440 0.70710678118654752440
6 6 6 -0.70710678118654752440 0.70710678118654752440
6 7 3 0.38268343236508977172 0.92387953251128675612
6 7 4 -0.38268343236508977172 -0.92387953251128675612
6 7 7 0.70710678118654752440 -0.70710678118654752440
7 1 7 1.00000000000000000000 0
7 2 7 0. -1.00000000000000000000
7 3 5 -0.83146961230254523707 -0.55557023301960222474
7 3 6 0.55557023301960222474 -0.83146961230254523707
7 4 5 0.83146961230254523707 0.55557023301960222474
7 4 6 -0.55557023301960222474 0.83146961230254523707
7 5 3 0.92387953251128675612 -0.38268343236508977172
7 5 4 0.92387953251128675612 -0.38268343236508977172
7 5 7 0.70710678118654752440 0.70710678118654752440
7 6 3 0.38268343236508977172 0.92387953251128675612
7 6 4 -0.38268343236508977172 -0.92387953251128675612
7 6 7 0.70710678118654752440 -0.70710678118654752440
7 7 1 -0.98078528040323044912 -0.19509032201612826784
7 7 2 0.19509032201612826784 -0.98078528040323044912
7 7 5 0.83146961230254523707 -0.55557023301960222474
7 7 6 0.55557023301960222474 0.83146961230254523707