1 1 1 1.00000000000000000000 0
1 2 2 1.00000000000000000000 0
1 3 3 1.00000000000000000000 0
1 4 4 1.00000000000000000000 0
1 5 5 1.00000000000000000000 0
1 6 6 1.00000000000000000000 0
1 7 7 1.00000000000000000000 0
2 1 2 1.00000000000000000000 0
2 2 1 0.30901699437494742410 -0.95105651629515357211
2 2 3 0.10452846326765347139 0.99452189536827333692
2 3 2 -0.91354545764260089550 -0.40673664307580020775
2 3 4 0.97814760073380563792 -0.20791169081775933710
2 4 3 0.50000000000000000000 -0.86602540378443864676
2 4 5 -0.30901699437494742410 -0.95105651629515357211
2 5 4 -0.80901699437494742410 -0.58778525229247312916
2 5 6 -0.91354545764260089550 0.40673664307580020775
2 6 5 -0.66913060635885821382 0.74314482547739423501
2 6 7 -0.50000000000000000000 -0.86602540378443864676
2 7 6 0.66913060635885821382 0.74314482547739423501
2 7 7 0.80901699437494742410 -0.58778525229247312916
3 1 3 1.00000000000000000000 0
3 2 2 -0.91354545764260089550 -0.40673664307580020775
3 2 4 0.97814760073380563792 -0.20791169081775933710
3 3 1 0.66913060635885821382 0.74314482547739423501
3 3 3 -0.91354545764260089550 -0.40673664307580020775
3 3 5 0.91354545764260089550 -0.40673664307580020775
3 4 2 -0.50000000000000000000 -0.86602540378443864676
3 4 4 -0.91354545764260089550 -0.40673664307580020775
3 4 6 0.80901699437494742410 -0.58778525229247312916
3 5 3 0.30901699437494742410 0.95105651629515357211
3 5 5 -0.91354545764260089550 -0.40673664307580020775
3 5 7 0.66913060635885821382 -0.74314482547739423501
3 6 4 -0.10452846326765347139 -0.99452189536827333692
3 6 6 -0.91354545764260089550 -0.40673664307580020775
3 6 7 -0.50000000000000000000 0.86602540378443864676
3 7 5 -0.10452846326765347139 0.99452189536827333692
3 7 6 0.30901699437494742410 -0.95105651629515357211
3 7 7 -0.91354545764260089550 -0.40673664307580020775
4 1 4 1.00000000000000000000 0
4 2 3 0.50000000000000000000 -0.86602540378443864676
4 2 5 -0.30901699437494742410 -0.95105651629515357211
4 3 2 -0.50000000000000000000 -0.86602540378443864676
4 3 4 -0.91354545764260089550 -0.40673664307580020775
4 3 6 0.80901699437494742410 -0.58778525229247312916
4 4 1 1.00000000000000000000 0
4 4 3 -0.91354545764260089550 0.40673664307580020775
4 4 5 0.30901699437494742410 -0.95105651629515357211
4 4 7 0.80901699437494742410 0.58778525229247312916
4 5 2 -0.30901699437494742410 0.95105651629515357211
4 5 4 -0.30901699437494742410 -0.95105651629515357211
4 5 6 -0.97814760073380563792 -0.20791169081775933710
4 5 7 -0.30901699437494742410 0.95105651629515357211
4 6 3 0.80901699437494742410 0.58778525229247312916
4 6 5 -0.97814760073380563792 0.20791169081775933710
4 6 6 -1.00000000000000000000 0
4 6 7 -0.10452846326765347139 0.99452189536827333692
4 7 4 -0.80901699437494742410 0.58778525229247312916
4 7 5 -0.30901699437494742410 -0.95105651629515357211
4 7 6 0.10452846326765347139 0.99452189536827333692
4 7 7 1.00000000000000000000 0
5 1 5 1.00000000000000000000 0
5 2 4 -0.80901699437494742410 -0.58778525229247312916
5 2 6 -0.91354545764260089550 0.40673664307580020775
5 3 3 0.30901699437494742410 0.95105651629515357211
5 3 5 -0.91354545764260089550 -0.40673664307580020775
5 3 7 0.66913060635885821382 -0.74314482547739423501
5 4 2 -0.30901699437494742410 0.95105651629515357211
5 4 4 -0.30901699437494742410 -0.95105651629515357211
5 4 6 -0.97814760073380563792 -0.20791169081775933710
5 4 7 -0.30901699437494742410 0.95105651629515357211
5 5 1 -0.80901699437494742410 0.58778525229247312916
5 5 3 0.50000000000000000000 -0.86602540378443864676
5 5 5 0.30901699437494742410 0.95105651629515357211
5 5 6 -0.10452846326765347139 -0.99452189536827333692
5 5 7 -1.00000000000000000000 0
5 6 2 -0.97814760073380563792 0.20791169081775933710
5 6 4 -0.66913060635885821382 0.74314482547739423501
5 6 5 0.50000000000000000000 0.86602540378443864676
5 6 6 0.30901699437494742410 0.95105651629515357211
5 6 7 -0.97814760073380563792 0.20791169081775933710
5 7 3 -0.97814760073380563792 -0.20791169081775933710
5 7 4 -0.80901699437494742410 -0.58778525229247312916
5 7 5 0.80901699437494742410 -0.58778525229247312916
5 7 6 -0.91354545764260089550 0.40673664307580020775
5 7 7 0.30901699437494742410 0.95105651629515357211
6 1 6 1.00000000000000000000 0
6 2 5 -0.66913060635885821382 0.74314482547739423501
6 2 7 -0.50000000000000000000 -0.86602540378443864676
6 3 4 -0.10452846326765347139 -0.99452189536827333692
6 3 6 -0.91354545764260089550 -0.40673664307580020775
6 3 7 -0.50000000000000000000 0.86602540378443864676
6 4 3 0.80901699437494742410 0.58778525229247312916
6 4 5 -0.97814760073380563792 0.20791169081775933710
6 4 6 -1.00000000000000000000 0
6 4 7 -0.10452846326765347139 0.99452189536827333692
6 5 2 -0.97814760073380563792 0.20791169081775933710
6 5 4 -0.66913060635885821382 0.74314482547739423501
6 5 5 0.50000000000000000000 0.86602540378443864676
6 5 6 0.30901699437494742410 0.95105651629515357211
6 5 7 -0.97814760073380563792 0.20791169081775933710
6 6 1 -0.50000000000000000000 0.86602540378443864676
6 6 3 0.10452846326765347139 -0.99452189536827333692
6 6 4 0.50000000000000000000 -0.86602540378443864676
6 6 5 0.66913060635885821382 0.74314482547739423501
6 6 6 -0.50000000000000000000 -0.86602540378443864676
6 6 7 -0.91354545764260089550 0.40673664307580020775
6 7 2 0.50000000000000000000 0.86602540378443864676
6 7 3 -1.00000000000000000000 0
6 7 4 0.91354545764260089550 0.40673664307580020775
6 7 5 0.66913060635885821382 -0.74314482547739423501
6 7 6 -0.80901699437494742410 0.58778525229247312916
6 7 7 0.50000000000000000000 0.86602540378443864676
7 1 7 1.00000000000000000000 0
7 2 6 0.66913060635885821382 0.74314482547739423501
7 2 7 0.80901699437494742410 -0.58778525229247312916
7 3 5 -0.10452846326765347139 0.99452189536827333692
7 3 6 0.30901699437494742410 -0.95105651629515357211
7 3 7 -0.91354545764260089550 -0.40673664307580020775
7 4 4 -0.80901699437494742410 0.58778525229247312916
7 4 5 -0.30901699437494742410 -0.95105651629515357211
7 4 6 0.10452846326765347139 0.99452189536827333692
7 4 7 1.00000000000000000000 0
7 5 3 -0.97814760073380563792 -0.20791169081775933710
7 5 4 -0.80901699437494742410 -0.58778525229247312916
7 5 5 0.80901699437494742410 -0.58778525229247312916
7 5 6 -0.91354545764260089550 0.40673664307580020775
7 5 7 0.30901699437494742410 0.95105651629515357211
7 6 2 0.50000000000000000000 0.86602540378443864676
7 6 3 -1.00000000000000000000 0
7 6 4 0.91354545764260089550 0.40673664307580020775
7 6 5 0.66913060635885821382 -0.74314482547739423501
7 6 6 -0.80901699437494742410 0.58778525229247312916
7 6 7 0.50000000000000000000 0.86602540378443864676
7 7 1 0.30901699437494742410 -0.95105651629515357211
7 7 2 -0.80901699437494742410 0.58778525229247312916
7 7 3 0.10452846326765347139 0.99452189536827333692
7 7 4 -0.30901699437494742410 0.95105651629515357211
7 7 5 -0.80901699437494742410 -0.58778525229247312916
7 7 6 0.66913060635885821382 0.74314482547739423501
7 7 7 0.80901699437494742410 -0.58778525229247312916