1 1 1 1.00000000000000000000 0
1 2 2 1.00000000000000000000 0
1 3 3 1.00000000000000000000 0
1 4 4 1.00000000000000000000 0
1 5 5 1.00000000000000000000 0
1 6 6 1.00000000000000000000 0
1 7 7 1.00000000000000000000 0
2 1 2 1.00000000000000000000 0
2 2 1 1.00000000000000000000 0
2 3 4 -1.00000000000000000000 0
2 4 3 -1.00000000000000000000 0
2 5 5 1.00000000000000000000 0
2 6 7 0. 1.00000000000000000000
2 7 6 0. -1.00000000000000000000
3 1 3 1.00000000000000000000 0
3 2 4 -1.00000000000000000000 0
3 3 1 1.00000000000000000000 0
3 4 2 -1.00000000000000000000 0
3 5 5 -1.00000000000000000000 0
3 6 7 0. -1.00000000000000000000
3 7 6 0. 1.00000000000000000000
4 1 4 1.00000000000000000000 0
4 2 3 -1.00000000000000000000 0
4 3 2 -1.00000000000000000000 0
4 4 1 1.00000000000000000000 0
4 5 5 1.00000000000000000000 0
4 6 6 1.00000000000000000000 0
4 7 7 1.00000000000000000000 0
5 1 5 1.00000000000000000000 0
5 2 5 1.00000000000000000000 0
5 3 5 -1.00000000000000000000 0
5 4 5 1.00000000000000000000 0
5 5 1 -1.00000000000000000000 0
5 5 2 -1.00000000000000000000 0
5 5 3 -1.00000000000000000000 0
5 5 4 1.00000000000000000000 0
5 6 6 -1.00000000000000000000 0
5 6 7 1.00000000000000000000 0
5 7 6 -1.00000000000000000000 0
5 7 7 1.00000000000000000000 0
6 1 6 1.00000000000000000000 0
6 2 7 0. -1.00000000000000000000
6 3 7 0. 1.00000000000000000000
6 4 6 1.00000000000000000000 0
6 5 6 1.00000000000000000000 0
6 5 7 -1.00000000000000000000 0
6 6 2 -0.70710678118654752440 0.70710678118654752440
6 6 3 0.70710678118654752440 -0.70710678118654752440
6 6 5 -0.70710678118654752440 -0.70710678118654752440
6 7 1 -0.70710678118654752440 0.70710678118654752440
6 7 4 0.70710678118654752440 0.70710678118654752440
6 7 5 0.70710678118654752440 0.70710678118654752440
7 1 7 1.00000000000000000000 0
7 2 6 0. 1.00000000000000000000
7 3 6 0. -1.00000000000000000000
7 4 7 1.00000000000000000000 0
7 5 6 1.00000000000000000000 0
7 5 7 -1.00000000000000000000 0
7 6 1 -0.70710678118654752440 0.70710678118654752440
7 6 4 -0.70710678118654752440 -0.70710678118654752440
7 6 5 0.70710678118654752440 0.70710678118654752440
7 7 2 -0.70710678118654752440 0.70710678118654752440
7 7 3 0.70710678118654752440 -0.70710678118654752440
7 7 5 -0.70710678118654752440 -0.70710678118654752440