1 1 1 1.00000000000000000000 0
1 2 2 1.00000000000000000000 0
1 3 3 1.00000000000000000000 0
1 4 4 1.00000000000000000000 0
1 5 5 1.00000000000000000000 0
1 6 6 1.00000000000000000000 0
1 7 7 1.00000000000000000000 0
2 1 2 1.00000000000000000000 0
2 2 1 1.00000000000000000000 0
2 3 3 -1.00000000000000000000 0
2 4 4 1.00000000000000000000 0
2 5 5 -1.00000000000000000000 0
2 6 7 0. 1.00000000000000000000
2 7 6 0. 1.00000000000000000000
3 1 3 1.00000000000000000000 0
3 2 3 -1.00000000000000000000 0
3 3 1 -0.90096886790241912623 0.43388373911755812047
3 3 2 0.90096886790241912623 -0.43388373911755812047
3 3 5 -0.90096886790241912623 -0.43388373911755812047
3 4 4 -0.22252093395631440428 -0.97492791218182360701
3 4 5 -0.22252093395631440428 0.97492791218182360701
3 5 3 0.62348980185873353052 -0.78183148246802980870
3 5 4 0.62348980185873353052 0.78183148246802980870
3 6 6 -0.22252093395631440428 -0.97492791218182360701
3 6 7 -0.97492791218182360701 0.22252093395631440428
3 7 6 0.97492791218182360701 -0.22252093395631440428
3 7 7 0.22252093395631440428 0.97492791218182360701
4 1 4 1.00000000000000000000 0
4 2 4 1.00000000000000000000 0
4 3 4 -0.22252093395631440428 -0.97492791218182360701
4 3 5 -0.22252093395631440428 0.97492791218182360701
4 4 1 0.62348980185873353052 -0.78183148246802980870
4 4 2 -0.62348980185873353052 0.78183148246802980870
4 4 3 0.62348980185873353052 0.78183148246802980870
4 5 3 -0.90096886790241912623 -0.43388373911755812047
4 5 5 -0.90096886790241912623 0.43388373911755812047
4 6 6 -0.90096886790241912623 0.43388373911755812047
4 6 7 -0.43388373911755812047 -0.90096886790241912623
4 7 6 -0.43388373911755812047 -0.90096886790241912623
4 7 7 -0.90096886790241912623 0.43388373911755812047
5 1 5 1.00000000000000000000 0
5 2 5 -1.00000000000000000000 0
5 3 3 0.62348980185873353052 -0.78183148246802980870
5 3 4 0.62348980185873353052 0.78183148246802980870
5 4 3 -0.90096886790241912623 -0.43388373911755812047
5 4 5 -0.90096886790241912623 0.43388373911755812047
5 5 1 -0.22252093395631440428 -0.97492791218182360701
5 5 2 0.22252093395631440428 0.97492791218182360701
5 5 4 -0.22252093395631440428 0.97492791218182360701
5 6 6 0.62348980185873353052 -0.78183148246802980870
5 6 7 0.78183148246802980870 0.62348980185873353052
5 7 6 -0.78183148246802980870 -0.62348980185873353052
5 7 7 -0.62348980185873353052 0.78183148246802980870
6 1 6 1.00000000000000000000 0
6 2 7 0. 1.00000000000000000000
6 3 6 -0.22252093395631440428 -0.97492791218182360701
6 3 7 -0.97492791218182360701 0.22252093395631440428
6 4 6 -0.90096886790241912623 0.43388373911755812047
6 4 7 -0.43388373911755812047 -0.90096886790241912623
6 5 6 0.62348980185873353052 -0.78183148246802980870
6 5 7 0.78183148246802980870 0.62348980185873353052
6 6 1 0.70710678118654752440 -0.70710678118654752440
6 6 3 0.53203207651533656355 0.84672419922828416835
6 6 4 -0.94388333030836756289 0.33027906195516708177
6 6 5 0.99371220989324258353 0.11196447610330785846
6 7 2 0.70710678118654752440 0.70710678118654752440
6 7 3 0.84672419922828416835 -0.53203207651533656355
6 7 4 -0.33027906195516708177 -0.94388333030836756289
6 7 5 0.11196447610330785846 -0.99371220989324258353
7 1 7 1.00000000000000000000 0
7 2 6 0. 1.00000000000000000000
7 3 6 0.97492791218182360701 -0.22252093395631440428
7 3 7 0.22252093395631440428 0.97492791218182360701
7 4 6 -0.43388373911755812047 -0.90096886790241912623
7 4 7 -0.90096886790241912623 0.43388373911755812047
7 5 6 -0.78183148246802980870 -0.62348980185873353052
7 5 7 -0.62348980185873353052 0.78183148246802980870
7 6 2 0.70710678118654752440 0.70710678118654752440
7 6 3 0.84672419922828416835 -0.53203207651533656355
7 6 4 -0.33027906195516708177 -0.94388333030836756289
7 6 5 0.11196447610330785846 -0.99371220989324258353
7 7 1 -0.70710678118654752440 0.70710678118654752440
7 7 3 -0.53203207651533656355 -0.84672419922828416835
7 7 4 0.94388333030836756289 -0.33027906195516708177
7 7 5 -0.99371220989324258353 -0.11196447610330785846